0.0000e+00    2.3614e-01    1.6743e-05    8.3602e-05    1.5950e-12    4.2583e-12    1.9836e-03    8.5116e-05    5.7247e-10    5.5012e-04    1.5348e-26    5.2990e-30    6.1186e-07    7.0685e-09    1.6674e-10    5.5601e-15    2.6384e-85    7.5297e-155    8.3870e-09    2.1638e-07    5.5421e-101    1.0941e-70    1.7732e-06    1.0862e-21    3.5937e-07    1.8028e-09    4.7963e-20    1.1200e-27    7.6486e-98    1.0261e-104    7.3748e-61    7.2128e-49    1.3160e-52    1.4609e-36    9.5880e-20    1.2996e-16    1.3496e-141    1.1184e-66    9.0503e-151    2.3090e-136    0.0000e+00    0.0000e+00    6.7853e-52    4.3584e-56    3.6256e-47    8.3338e-41    4.8908e-90    2.6062e-73    3.0989e-04    1.7270e-11    1.2133e-31    8.1942e-54    4.4359e-38    4.5800e-27    2.4076e-148    1.2656e-124    2.4280e-03    4.2568e-20    1.0466e-10    6.5113e-05    6.2674e-48    1.4044e-32    1.8529e-36    1.5002e-94    6.6192e-51    6.1727e-53    9.6957e-42    5.2437e-55    2.5247e-12    5.6271e-36    7.0766e-22    4.1021e-11    1.8542e-43    2.2457e-44    3.3235e-31    2.1975e-38    1.8985e-31    3.6342e-18    9.3839e-87    8.2989e-266    4.3879e-51    3.2151e-81    1.1693e-11    2.1943e-09    7.2961e-109    1.7944e-72    2.2381e-48    3.8062e-26    2.6902e-80    1.0667e-34
2.3614e-01    0.0000e+00    2.6490e-05    3.5894e-05    3.5475e-12    1.0077e-11    7.3630e-04    1.4671e-05    3.0927e-11    4.8619e-04    4.5230e-25    6.2138e-30    1.5200e-07    2.3100e-09    2.9288e-11    1.8217e-15    4.0448e-84    3.8432e-131    2.5097e-10    5.9015e-08    5.0316e-98    1.7722e-66    1.0039e-05    1.1573e-21    2.9962e-07    8.7542e-10    1.0335e-21    1.5128e-29    2.4475e-89    2.6197e-98    1.5008e-64    3.4063e-51    6.5346e-49    7.8289e-35    4.1730e-21    2.0454e-14    7.8446e-120    2.5338e-54    7.8610e-133    1.9933e-128    0.0000e+00    0.0000e+00    4.9730e-52    1.8227e-54    1.3131e-43    2.9269e-41    3.6044e-82    5.8034e-67    5.7306e-06    4.0296e-13    4.1108e-30    2.3145e-46    7.0718e-38    1.2133e-27    3.8843e-127    4.9732e-109    2.1006e-03    1.8207e-15    1.3246e-13    1.9491e-07    1.6798e-42    8.5175e-34    4.2487e-35    4.1609e-77    1.2457e-48    1.5599e-46    1.2127e-41    1.3485e-53    3.2610e-10    5.3186e-37    2.1924e-24    2.9327e-12    2.8038e-37    3.3083e-37    2.0366e-33    5.3015e-40    6.5144e-28    1.1370e-17    3.0340e-86    5.5095e-230    2.0634e-48    2.3527e-69    6.5214e-12    6.1144e-09    9.3223e-95    4.2689e-62    2.9686e-45    7.9587e-26    9.8501e-73    3.1921e-33
1.6743e-05    2.6490e-05    0.0000e+00    1.0302e-01    1.8684e-33    3.4291e-30    9.4519e-03    2.4932e-01    1.0705e-21    8.9741e-09    5.2940e-26    2.0215e-26    1.1526e-08    5.3981e-03    5.8081e-21    4.0125e-15    1.0448e-93    9.9541e-135    4.7902e-10    1.1345e-10    7.0251e-112    2.7687e-82    5.7022e-10    5.4026e-27    3.7913e-14    2.1481e-21    3.0694e-39    6.7260e-53    1.1140e-95    1.4709e-106    1.0280e-81    6.1093e-72    7.0841e-51    1.0186e-35    1.4613e-28    4.2241e-24    1.5005e-150    9.2041e-76    3.3091e-162    4.2865e-164    0.0000e+00    0.0000e+00    7.0107e-61    1.3964e-56    4.6917e-50    9.2452e-55    1.1909e-100    1.3153e-73    1.1839e-11    1.8300e-19    3.0268e-34    2.8345e-50    1.0203e-55    3.0291e-30    4.1755e-140    2.8990e-119    7.3185e-10    4.2291e-24    5.0777e-17    3.1377e-11    4.5577e-48    1.4794e-42    3.3660e-43    1.5087e-83    3.3993e-59    1.3206e-51    1.1328e-53    2.3342e-61    1.6779e-23    1.4761e-76    4.8831e-40    4.3463e-17    1.5732e-38    9.5914e-38    4.5653e-39    2.7420e-41    5.2480e-36    3.6240e-24    6.5289e-83    6.4222e-251    4.6823e-57    1.0257e-74    4.9118e-13    8.6591e-09    1.7601e-108    6.1564e-70    2.1782e-49    1.1153e-27    3.3959e-85    2.0563e-41
8.3602e-05    3.5894e-05    1.0302e-01    0.0000e+00    6.1472e-29    7.9369e-29    1.5347e-01    5.4774e-02    1.8243e-24    1.5290e-09    6.2226e-19    4.1779e-19    1.2635e-05    3.3015e-02    5.4936e-18    6.7676e-11    4.2533e-79    1.3641e-131    1.8151e-11    2.1414e-08    1.5985e-95    2.4389e-71    7.3386e-13    7.3532e-34    8.2571e-10    7.8127e-16    1.1436e-32    8.6335e-45    6.4807e-83    3.3090e-91    7.0487e-67    1.4499e-58    4.0539e-42    9.9256e-28    1.5433e-20    9.1975e-19    1.4512e-142    1.8106e-70    8.3332e-149    4.9883e-144    0.0000e+00    0.0000e+00    2.6432e-49    1.8694e-45    1.6040e-41    2.4100e-44    1.4690e-88    1.4638e-64    6.0869e-09    3.1674e-14    1.4265e-26    1.3521e-43    3.2501e-45    3.6153e-24    2.4422e-131    2.0870e-108    2.3983e-07    1.2445e-21    4.4945e-14    3.0035e-10    2.0944e-40    1.4150e-33    4.7604e-34    1.2635e-80    1.7791e-47    1.6575e-45    9.2629e-44    4.8841e-51    4.0392e-23    1.1119e-67    2.5189e-30    3.7541e-11    2.7892e-32    1.5674e-32    2.7942e-46    2.9527e-47    5.5167e-29    1.5689e-17    1.7729e-68    4.5404e-242    6.4854e-48    2.3157e-70    3.9209e-09    1.7107e-07    1.8865e-98    1.2252e-62    2.7870e-39    6.8335e-21    8.4450e-74    1.2323e-33
1.5950e-12    3.5475e-12    1.8684e-33    6.1472e-29    0.0000e+00    1.8653e-04    5.3475e-21    1.0973e-30    5.5865e-15    4.1994e-13    7.1594e-33    2.9480e-43    3.1199e-18    2.0729e-41    1.4312e-10    1.9933e-26    3.8934e-79    3.8729e-148    2.4489e-26    2.2518e-16    2.9535e-88    1.1660e-57    1.4461e-22    7.6708e-44    1.3034e-10    3.4623e-07    6.6642e-13    6.7847e-15    3.1497e-88    1.8032e-93    7.9434e-54    1.4239e-37    2.7355e-54    1.6961e-41    1.9431e-20    3.7527e-14    2.2915e-111    3.9724e-49    3.0971e-120    2.3010e-100    2.3897e-289    3.4585e-323    9.5358e-49    1.8980e-57    4.6413e-45    3.4480e-34    9.5767e-75    5.8542e-70    5.1912e-11    1.3758e-15    2.7723e-34    1.2465e-53    7.0072e-27    4.2488e-33    2.0665e-130    1.3077e-109    1.7327e-08    2.2255e-20    5.9963e-20    2.5792e-15    3.8748e-46    1.5312e-32    1.7056e-33    5.5315e-89    1.5395e-44    1.8253e-53    2.2995e-35    8.6763e-51    4.2038e-08    2.0147e-09    8.0271e-16    3.1054e-16    2.9171e-48    2.8516e-52    4.1206e-49    7.3844e-66    4.6732e-28    4.4086e-19    9.3678e-93    7.9005e-237    2.7851e-47    1.3807e-78    4.7957e-22    5.8881e-23    1.5877e-92    1.4082e-66    3.7726e-47    4.8982e-32    3.0761e-68    2.1839e-32
4.2583e-12    1.0077e-11    3.4291e-30    7.9369e-29    1.8653e-04    0.0000e+00    1.7262e-23    3.5197e-28    1.4457e-04    2.5531e-12    1.6665e-54    2.0580e-63    1.7459e-27    4.0732e-41    6.5604e-18    4.4458e-40    5.8752e-119    3.2613e-236    1.6439e-25    7.4725e-23    1.4487e-132    1.0313e-94    7.3926e-13    1.4857e-21    2.2102e-18    4.4441e-17    1.8303e-23    6.4009e-28    1.1455e-139    4.1900e-142    7.8391e-81    1.8924e-59    3.6662e-89    3.8534e-68    1.2071e-37    2.5188e-31    2.8477e-193    9.9821e-96    5.2868e-199    1.5225e-159    0.0000e+00    0.0000e+00    2.9929e-77    2.2464e-90    1.6014e-77    1.3412e-58    9.0310e-126    5.8993e-116    4.7470e-16    4.4301e-27    4.1641e-60    2.3423e-93    1.0866e-49    2.1107e-54    7.7994e-213    1.0920e-177    2.5644e-14    7.0068e-39    5.1155e-27    2.8233e-18    8.3344e-82    9.9125e-56    9.9799e-61    1.1993e-151    3.5961e-77    3.7082e-92    1.0241e-59    7.1050e-82    3.2185e-07    1.0649e-10    3.8414e-31    5.8897e-29    1.4515e-80    1.6003e-84    2.1142e-28    9.9420e-45    3.5177e-55    7.6370e-37    1.0546e-131    0.0000e+00    1.7310e-79    2.1017e-130    2.9571e-34    1.7474e-31    1.3624e-156    4.2469e-116    2.2185e-79    6.1046e-54    1.5441e-114    1.7288e-58
1.9836e-03    7.3630e-04    9.4519e-03    1.5347e-01    5.3475e-21    1.7262e-23    0.0000e+00    2.5009e-02    2.4864e-21    9.9443e-07    1.3602e-16    4.7267e-18    3.8504e-03    9.3240e-04    2.0138e-11    1.8961e-08    4.5383e-69    3.7786e-124    3.9674e-09    3.6033e-05    6.4440e-83    3.6935e-58    7.1234e-13    1.1763e-35    3.1082e-07    2.5521e-11    3.9950e-22    3.8407e-31    1.8440e-77    8.5668e-84    4.7148e-52    1.5135e-43    1.8832e-37    1.7696e-24    3.1726e-15    1.0826e-14    1.5599e-123    2.9366e-59    6.8058e-129    3.0314e-121    0.0000e+00    0.0000e+00    1.9924e-40    5.5066e-41    5.9804e-35    4.4973e-34    3.5880e-74    5.6715e-57    8.7259e-05    1.3410e-08    7.1789e-22    5.5319e-39    1.6617e-33    1.1898e-18    5.7785e-121    5.3760e-100    2.6890e-04    1.5955e-17    1.3228e-08    1.7610e-06    5.2149e-35    4.1991e-25    1.0094e-27    9.4942e-74    1.0658e-39    1.7469e-39    5.1975e-35    1.2043e-43    1.3772e-19    1.8796e-53    3.3827e-21    4.0618e-08    2.6709e-30    4.2974e-31    3.4590e-46    5.7508e-50    4.3131e-24    2.7840e-13    1.4652e-65    2.0568e-223    5.1600e-39    2.3359e-62    1.1521e-06    5.6020e-05    1.3072e-88    2.2438e-55    1.2080e-35    6.5831e-17    4.2725e-64    2.4840e-26
8.5116e-05    1.4671e-05    2.4932e-01    5.4774e-02    1.0973e-30    3.5197e-28    2.5009e-02    0.0000e+00    4.5846e-19    3.8152e-07    2.5403e-28    2.1697e-27    6.5690e-08    1.0164e-03    2.7962e-17    2.6801e-14    1.0928e-92    7.5819e-166    3.4985e-07    1.5453e-08    8.2504e-112    1.4515e-82    3.0200e-10    1.2777e-27    2.2041e-13    4.5440e-20    7.5180e-33    3.6868e-45    3.4065e-106    4.6441e-113    2.3293e-72    6.6157e-63    2.3691e-55    5.1753e-38    2.5037e-26    8.0150e-27    1.6802e-172    9.8311e-89    1.7506e-178    7.5704e-166    0.0000e+00    0.0000e+00    5.7327e-58    1.4915e-58    5.8874e-53    9.4406e-51    3.1835e-106    1.0005e-80    8.4912e-09    3.4692e-16    4.4935e-36    6.8728e-60    1.3391e-51    1.0607e-28    6.5140e-165    7.8095e-138    4.2549e-09    2.9362e-29    2.5330e-12    5.4107e-08    1.5990e-54    2.4713e-39    4.1071e-44    2.0009e-105    7.0886e-61    2.3034e-59    1.2700e-50    4.9257e-61    3.9768e-23    3.6869e-70    5.6831e-35    3.2466e-16    2.5770e-47    3.9907e-48    1.9488e-38    1.2479e-42    3.3766e-40    9.6528e-25    6.1089e-85    2.4894e-293    8.3255e-58    5.0693e-88    1.6860e-12    1.9641e-08    6.9961e-125    4.0667e-82    9.2968e-54    5.8166e-28    5.9801e-92    1.5752e-41
5.7247e-10    3.0927e-11    1.0705e-21    1.8243e-24    5.5865e-15    1.4457e-04    2.4864e-21    4.5846e-19    0.0000e+00    3.0637e-08    3.2191e-83    5.3530e-84    4.9045e-32    4.3433e-34    3.7142e-20    9.7189e-48    1.2428e-167    0.0000e+00    6.4480e-16    2.1560e-22    3.4395e-196    6.7977e-147    2.4932e-05    6.5790e-11    1.8624e-26    1.4177e-29    8.5465e-30    7.0685e-38    3.8271e-229    2.5053e-225    8.2150e-101    1.8370e-78    5.2475e-137    1.5363e-101    9.0324e-55    2.5790e-60    0.0000e+00    3.9473e-176    0.0000e+00    2.6082e-259    0.0000e+00    0.0000e+00    2.9515e-108    1.9915e-133    7.5257e-122    5.1468e-84    2.7943e-203    5.1659e-178    8.8545e-16    5.5343e-33    2.0558e-92    3.8048e-156    2.9295e-77    1.1184e-69    0.0000e+00    1.1377e-301    5.9504e-19    3.5124e-67    1.4956e-24    2.6291e-14    3.7235e-136    5.8461e-76    3.6220e-97    6.5302e-246    6.1650e-126    5.6400e-142    1.3076e-85    2.0730e-118    8.7533e-11    7.6808e-26    5.4623e-47    8.4619e-42    1.1425e-134    3.7184e-140    1.4881e-21    1.6269e-35    6.9130e-98    1.6075e-60    1.5064e-180    0.0000e+00    1.1672e-119    1.2627e-199    4.8361e-42    1.1166e-33    5.3220e-265    1.8862e-195    3.7476e-129    5.9383e-76    5.4022e-190    1.5164e-89
5.5012e-04    4.8619e-04    8.9741e-09    1.5290e-09    4.1994e-13    2.5531e-12    9.9443e-07    3.8152e-07    3.0637e-08    0.0000e+00    1.9861e-34    2.4385e-36    8.0165e-10    2.2374e-13    4.2614e-06    3.1540e-16    1.0485e-88    2.7796e-172    5.0708e-04    1.0340e-05    3.2558e-104    1.0003e-68    2.0161e-06    6.0809e-24    3.0900e-09    2.8720e-13    1.1206e-14    7.4874e-21    1.1571e-111    3.6605e-115    7.4969e-58    7.1571e-43    4.3943e-61    1.8733e-43    4.2071e-24    4.0990e-25    2.6988e-156    1.0161e-79    6.8787e-164    1.6035e-137    0.0000e+00    0.0000e+00    1.3923e-52    7.4632e-64    1.9868e-52    2.6487e-39    5.0482e-97    1.0913e-82    7.8561e-06    1.1113e-12    2.0963e-39    3.7359e-67    9.4437e-36    1.2396e-28    5.0439e-170    4.8076e-144    1.6595e-05    2.7600e-27    4.2676e-09    5.2153e-05    3.5226e-58    2.6334e-35    7.3737e-43    5.8222e-111    9.2926e-60    1.3281e-62    9.0015e-40    1.7224e-55    1.5512e-08    1.2240e-38    8.6307e-25    1.4630e-17    1.7954e-56    4.2583e-59    2.3896e-39    8.7355e-52    4.0055e-40    3.5785e-25    1.5844e-98    1.1736e-294    1.9478e-53    5.4815e-89    2.3663e-13    1.1519e-08    1.1451e-124    1.5845e-86    1.1080e-58    3.8780e-31    3.1799e-88    2.3179e-37
1.5348e-26    4.5230e-25    5.2940e-26    6.2226e-19    7.1594e-33    1.6665e-54    1.3602e-16    2.5403e-28    3.2191e-83    1.9861e-34    0.0000e+00    9.9033e-03    9.9442e-09    1.0877e-18    9.5205e-23    2.1344e-06    1.7597e-21    3.0389e-48    4.9551e-44    1.1014e-16    2.3540e-26    2.4017e-18    4.3449e-54    2.0695e-116    8.1425e-13    2.3007e-13    1.9861e-24    9.2993e-27    1.8233e-21    4.3793e-25    4.9942e-21    1.8166e-19    1.3689e-05    4.2842e-02    2.7650e-05    6.7322e-08    1.2039e-49    1.8005e-25    1.3697e-46    4.0728e-43    3.7291e-164    4.3030e-202    3.0602e-10    5.1648e-07    3.4372e-06    1.1987e-10    1.8869e-21    6.6884e-15    2.1575e-21    1.7274e-10    1.9835e-02    7.0070e-07    3.7015e-11    7.2587e-07    1.2630e-43    3.5793e-32    2.0493e-15    4.8383e-15    1.6771e-26    1.1397e-31    4.5873e-05    4.0165e-07    6.9267e-04    2.4119e-25    5.3595e-06    2.3926e-10    7.4261e-12    4.5310e-12    1.9854e-41    2.7382e-65    2.6123e-12    3.1589e-06    1.5680e-04    1.0838e-06    3.4306e-137    7.0779e-127    6.5569e-04    1.1948e-03    9.1924e-20    1.4467e-96    6.1973e-09    1.9843e-21    9.9624e-07    3.8358e-13    2.2599e-26    5.2885e-13    2.9725e-04    2.5726e-02    5.7625e-16    9.1065e-06
5.2990e-30    6.2138e-30    2.0215e-26    4.1779e-19    2.9480e-43    2.0580e-63    4.7267e-18    2.1697e-27    5.3530e-84    2.4385e-36    9.9033e-03    0.0000e+00    1.0840e-10    7.0912e-17    2.9747e-25    1.0892e-05    8.7448e-21    7.6217e-67    5.6435e-40    3.6143e-17    2.8227e-27    3.4772e-22    1.0786e-57    3.2752e-118    5.5175e-15    3.0968e-18    1.8353e-27    5.8865e-32    8.6366e-25    6.0950e-27    2.0464e-20    1.3047e-20    1.6999e-07    5.7203e-03    1.1969e-07    7.8953e-16    2.1895e-71    5.8453e-43    1.5623e-62    1.0506e-51    3.2093e-197    5.2869e-228    2.3358e-10    6.2786e-07    2.7682e-09    1.1266e-12    1.3796e-29    2.7152e-19    1.0367e-23    4.9071e-13    6.6621e-06    1.3336e-13    2.5196e-15    1.9200e-07    7.6715e-57    1.5631e-41    1.0722e-19    1.1966e-24    5.9634e-25    4.0360e-33    1.8447e-10    9.9298e-10    1.1969e-07    2.3869e-41    8.6284e-11    1.8074e-17    1.0083e-12    1.0095e-11    7.7487e-49    2.7850e-80    9.6176e-17    2.7901e-09    4.2489e-09    2.9239e-12    5.3690e-143    2.6304e-133    6.5417e-10    1.3956e-08    2.1172e-16    6.2625e-124    1.2844e-11    3.9594e-31    3.1992e-07    3.5184e-14    1.6471e-37    4.5701e-22    7.2977e-07    1.8042e-03    1.9118e-21    5.9003e-09
6.1186e-07    1.5200e-07    1.1526e-08    1.2635e-05    3.1199e-18    1.7459e-27    3.8504e-03    6.5690e-08    4.9045e-32    8.0165e-10    9.9442e-09    1.0840e-10    0.0000e+00    1.1207e-06    2.2608e-07    3.3299e-03    6.7294e-46    6.9664e-79    1.8697e-12    1.1939e-03    4.2817e-56    3.2885e-35    2.4901e-22    1.0550e-55    8.2942e-05    4.6711e-07    4.3350e-13    4.5052e-18    1.8039e-54    4.8292e-60    4.8875e-31    6.1311e-25    2.9148e-22    2.2213e-13    1.4952e-06    2.8203e-08    1.6478e-77    8.5197e-36    1.9306e-84    2.5642e-80    1.6511e-239    3.1893e-287    1.4541e-23    9.5158e-26    2.5370e-19    6.2545e-18    2.3543e-45    2.6750e-34    3.6121e-04    4.0144e-03    1.1047e-10    4.9082e-23    3.1434e-17    3.3668e-08    1.4640e-83    2.7823e-70    2.2136e-03    9.7167e-11    1.7188e-06    6.8530e-07    9.8609e-20    8.9887e-12    3.9699e-14    6.0082e-45    4.9786e-23    2.4156e-21    1.7143e-19    4.8331e-26    8.7477e-22    1.1047e-47    1.4205e-10    1.8471e-03    7.1055e-19    4.3763e-20    1.5747e-67    1.8607e-71    1.8250e-12    5.8017e-06    3.8978e-48    8.9239e-155    8.7783e-22    6.0974e-37    3.7567e-02    9.4773e-03    1.3614e-57    1.5680e-33    9.0293e-22    1.5862e-07    8.9221e-41    1.0580e-12
7.0685e-09    2.3100e-09    5.3981e-03    3.3015e-02    2.0729e-41    4.0732e-41    9.3240e-04    1.0164e-03    4.3433e-34    2.2374e-13    1.0877e-18    7.0912e-17    1.1207e-06    0.0000e+00    1.5560e-23    3.1155e-10    6.4489e-82    6.0000e-110    3.8646e-13    1.9696e-11    1.4226e-98    2.6753e-75    5.7828e-18    1.9270e-42    6.4203e-13    8.2243e-22    6.2216e-43    6.0732e-57    1.0915e-78    5.2200e-91    1.1758e-77    1.4511e-71    9.2840e-40    2.2634e-26    7.8999e-24    1.1968e-21    7.5223e-136    2.3295e-70    8.3905e-148    1.6477e-153    0.0000e+00    0.0000e+00    2.2440e-53    3.0455e-44    1.5125e-41    4.2530e-50    1.3242e-91    2.9949e-60    3.9761e-14    7.4858e-19    2.2441e-27    5.3409e-40    4.8490e-53    2.5400e-24    1.7397e-120    8.7225e-103    3.6794e-11    2.6498e-23    1.3177e-18    4.3133e-13    5.1072e-39    2.1323e-38    1.4422e-35    9.6328e-70    6.5948e-51    7.6020e-42    5.5696e-48    1.0620e-50    6.5839e-31    3.3745e-91    1.8247e-38    2.4566e-13    1.0505e-28    6.1807e-28    1.0895e-56    7.6387e-56    1.7402e-29    5.7516e-20    2.6827e-65    9.8259e-220    2.4172e-50    3.8430e-63    4.7273e-09    1.8030e-07    2.4775e-93    8.2311e-59    1.1231e-37    5.5057e-21    3.9539e-75    1.0254e-35
1.6674e-10    2.9288e-11    5.8081e-21    5.4936e-18    1.4312e-10    6.5604e-18    2.0138e-11    2.7962e-17    3.7142e-20    4.2614e-06    9.5205e-23    2.9747e-25    2.2608e-07    1.5560e-23    0.0000e+00    2.2334e-09    7.7278e-55    8.5096e-161    9.7775e-09    2.1332e-03    8.7416e-66    2.6466e-38    1.1902e-22    6.5746e-53    2.5565e-06    1.1254e-07    1.1208e-02    6.1684e-05    4.2267e-79    2.2614e-79    4.8542e-28    6.0629e-17    9.2456e-40    2.8847e-27    1.5363e-11    8.1041e-18    1.8883e-126    1.4108e-64    1.7219e-121    1.8083e-86    7.1157e-306    7.8597e-314    5.9270e-28    1.3794e-40    6.5682e-32    2.6284e-17    8.0283e-64    1.1064e-57    1.7991e-04    9.3442e-05    3.2252e-24    1.7164e-49    3.6465e-14    2.1766e-14    2.1288e-134    2.7533e-108    3.4369e-05    1.9235e-25    1.2773e-04    6.5526e-06    3.3096e-39    1.2000e-16    4.5018e-24    3.3412e-99    2.8821e-36    3.1464e-48    2.8871e-18    7.2347e-31    1.2189e-12    3.0183e-33    1.7605e-10    3.3747e-11    4.9015e-43    8.0453e-49    2.1519e-66    1.0477e-82    2.8205e-25    4.4898e-15    5.8795e-70    3.8708e-257    6.0683e-30    3.5907e-73    4.7362e-08    1.3577e-07    4.8129e-94    1.5354e-64    1.2107e-38    1.6726e-17    1.0213e-57    7.5051e-19
5.5601e-15    1.8217e-15    4.0125e-15    6.7676e-11    1.9933e-26    4.4458e-40    1.8961e-08    2.6801e-14    9.7189e-48    3.1540e-16    2.1344e-06    1.0892e-05    3.3299e-03    3.1155e-10    2.2334e-09    0.0000e+00    4.5446e-31    5.7514e-74    1.4290e-16    9.6952e-05    4.2675e-41    3.0811e-24    7.6716e-34    9.8012e-78    1.9531e-06    5.8809e-10    1.2253e-12    1.4985e-16    1.0569e-41    9.2329e-46    4.1935e-21    9.4319e-17    6.6917e-15    7.1000e-08    1.3373e-05    4.0084e-12    1.5589e-70    5.4635e-38    2.2932e-71    6.6443e-62    9.5138e-208    3.3457e-238    3.1562e-14    9.9846e-17    1.4122e-12    7.8472e-11    4.7103e-35    3.7780e-25    7.9542e-10    9.5726e-05    6.5630e-08    1.5097e-19    9.8653e-12    3.4954e-04    4.9803e-71    1.6112e-58    5.3984e-08    3.9354e-16    4.8551e-10    1.1173e-13    2.3848e-15    6.2424e-08    3.8482e-10    2.3893e-44    8.6009e-18    1.4082e-18    6.7738e-11    6.1447e-15    9.4780e-28    1.6323e-60    1.3668e-11    6.8411e-06    1.1876e-15    2.0504e-18    9.6950e-99    3.6400e-101    6.7910e-11    2.1134e-07    3.4718e-35    5.3113e-142    5.2943e-14    5.2485e-32    3.6281e-01    1.2159e-03    2.4556e-48    1.7297e-28    1.0375e-15    4.4769e-04    4.1820e-30    8.5707e-08
2.6384e-85    4.0448e-84    1.0448e-93    4.2533e-79    3.8934e-79    5.8752e-119    4.5383e-69    1.0928e-92    1.2428e-167    1.0485e-88    1.7597e-21    8.7448e-21    6.7294e-46    6.4489e-82    7.7278e-55    4.5446e-31    0.0000e+00    8.5425e-61    2.4031e-97    1.7277e-51    1.9815e-03    9.0037e-08    3.7351e-135    5.7790e-241    1.9323e-48    8.4674e-47    1.4812e-46    2.6907e-43    5.5641e-09    6.9230e-08    2.7855e-11    5.9964e-17    2.9827e-08    1.1431e-12    1.5044e-25    2.2591e-42    2.2023e-47    4.4722e-50    7.0633e-26    2.0376e-08    5.7411e-92    1.2941e-83    9.8680e-06    4.8466e-05    5.7645e-10    4.9745e-12    6.6181e-10    4.1250e-10    4.9134e-65    9.2083e-39    2.4065e-17    3.3762e-20    2.8214e-16    1.2489e-18    2.5822e-29    1.0719e-19    1.5739e-57    1.3201e-56    2.7442e-64    2.1920e-80    4.2966e-15    1.1137e-15    4.4538e-14    2.2694e-47    1.2040e-10    4.6940e-25    1.4635e-11    8.3730e-05    5.7637e-91    1.5017e-118    5.0859e-35    5.3810e-39    3.9474e-25    1.0989e-34    7.3751e-272    3.5193e-264    1.1108e-22    5.3070e-31    1.5921e-06    3.2032e-78    7.0123e-08    4.2640e-31    3.1609e-35    1.9210e-49    6.7359e-21    9.0778e-20    1.7520e-11    3.7449e-17    2.6179e-07    1.4039e-13
7.5297e-155    3.8432e-131    9.9541e-135    1.3641e-131    3.8729e-148    3.2613e-236    3.7786e-124    7.5819e-166    0.0000e+00    2.7796e-172    3.0389e-48    7.6217e-67    6.9664e-79    6.0000e-110    8.5096e-161    5.7514e-74    8.5425e-61    0.0000e+00    9.7212e-223    4.9448e-119    7.4540e-63    1.5511e-40    6.0342e-217    0.0000e+00    4.9674e-110    1.2317e-104    3.9617e-142    4.1395e-113    4.0350e-39    1.6394e-55    9.8023e-137    3.7538e-134    8.2341e-29    1.2450e-36    1.9560e-74    2.5733e-49    4.1822e-10    1.7279e-22    8.2166e-15    5.0321e-34    1.1147e-47    1.9749e-62    1.4162e-65    1.5242e-46    2.1756e-26    1.1475e-52    2.5172e-16    3.5518e-10    3.2211e-149    1.1336e-72    1.5374e-32    2.1235e-17    3.1222e-61    1.1700e-35    6.0231e-20    2.9047e-25    9.0006e-100    1.3022e-35    1.7602e-200    2.8607e-146    6.2227e-21    6.3113e-44    3.2012e-41    3.1479e-07    5.7857e-38    4.8420e-10    2.4170e-80    1.1158e-54    1.0316e-130    4.5604e-255    1.0757e-109    2.1384e-88    4.2185e-28    1.0830e-27    0.0000e+00    0.0000e+00    1.7901e-34    7.8164e-59    1.1190e-50    8.7602e-20    2.5716e-22    1.0480e-05    3.8251e-69    7.2413e-56    5.7237e-11    7.5214e-13    9.9369e-34    1.3341e-44    5.5285e-23    1.1790e-48
8.3870e-09    2.5097e-10    4.7902e-10    1.8151e-11    2.4489e-26    1.6439e-25    3.9674e-09    3.4985e-07    6.4480e-16    5.0708e-04    4.9551e-44    5.6435e-40    1.8697e-12    3.8646e-13    9.7775e-09    1.4290e-16    2.4031e-97    9.7212e-223    0.0000e+00    1.1150e-05    2.4551e-120    3.8306e-84    4.6083e-13    1.3251e-34    1.8462e-14    1.6782e-21    5.8047e-18    1.0372e-25    5.3110e-140    1.7373e-140    2.5946e-58    3.0625e-46    1.8725e-74    2.5151e-52    1.0297e-29    1.1294e-40    3.8780e-212    3.1524e-118    3.6332e-214    5.4014e-170    0.0000e+00    0.0000e+00    1.9992e-58    8.1001e-74    6.5489e-66    3.0744e-45    3.5205e-123    6.2631e-101    2.6824e-08    4.1412e-15    1.2384e-49    1.9785e-90    7.7114e-45    4.7319e-30    3.6282e-223    1.4970e-188    6.3792e-11    2.3992e-44    4.0108e-08    1.8790e-05    2.2500e-77    2.2181e-39    1.4284e-54    4.0386e-153    4.0579e-76    2.6757e-81    6.1121e-45    2.0688e-62    1.3413e-17    2.9178e-59    4.8558e-32    8.6772e-24    8.1531e-77    1.9635e-81    2.9580e-53    6.2892e-66    4.7387e-57    1.0104e-35    2.0416e-106    0.0000e+00    1.9116e-64    2.4445e-116    3.8894e-15    1.1808e-09    2.2998e-165    1.7250e-116    1.1884e-74    2.7727e-36    2.5453e-113    2.8887e-46
2.1638e-07    5.9015e-08    1.1345e-10    2.1414e-08    2.2518e-16    7.4725e-23    3.6033e-05    1.5453e-08    2.1560e-22    1.0340e-05    1.1014e-16    3.6143e-17    1.1939e-03    1.9696e-11    2.1332e-03    9.6952e-05    1.7277e-51    4.9448e-119    1.1150e-05    0.0000e+00    3.6886e-65    1.7798e-39    1.4568e-18    4.7468e-48    2.3064e-04    2.5598e-08    9.6803e-08    7.2606e-13    2.5246e-70    6.7586e-74    9.1621e-31    2.5605e-21    1.3243e-32    4.0060e-21    1.0274e-10    2.9715e-16    2.0565e-105    2.0105e-54    1.3225e-107    3.9053e-89    1.3733e-279    9.4702e-308    7.1594e-27    1.8822e-34    5.3933e-27    5.2145e-19    8.9219e-58    2.4558e-47    8.7862e-04    2.9930e-04    7.8706e-19    1.2581e-38    9.1072e-18    1.5983e-11    1.5615e-112    4.6759e-94    7.1097e-04    5.4442e-19    1.4192e-04    1.0765e-05    6.8809e-32    1.0587e-15    7.5702e-22    1.2839e-73    4.2048e-33    1.1620e-35    3.5222e-19    5.1047e-29    1.5757e-14    2.4267e-45    1.5227e-13    6.0104e-09    1.3176e-32    5.6802e-36    5.1486e-66    5.1267e-76    6.3495e-22    3.0901e-13    4.0422e-60    3.3513e-209    1.0886e-27    1.7307e-55    7.4844e-04    4.9612e-03    4.0854e-80    5.6117e-52    9.2679e-33    3.7451e-13    3.1828e-52    2.7375e-17
5.5421e-101    5.0316e-98    7.0251e-112    1.5985e-95    2.9535e-88    1.4487e-132    6.4440e-83    8.2504e-112    3.4395e-196    3.2558e-104    2.3540e-26    2.8227e-27    4.2817e-56    1.4226e-98    8.7416e-66    4.2675e-41    1.9815e-03    7.4540e-63    2.4551e-120    3.6886e-65    0.0000e+00    3.8905e-09    1.7199e-156    9.5735e-277    1.3503e-59    4.2083e-56    5.7329e-58    4.0053e-54    1.2688e-07    5.1827e-04    1.0049e-16    1.3221e-23    7.3950e-11    6.9062e-17    2.5510e-31    2.7862e-47    4.0914e-53    5.7142e-55    1.6082e-27    3.8876e-08    9.9857e-94    2.2448e-85    5.9521e-09    2.2640e-07    8.2861e-14    2.7532e-17    7.5203e-13    1.2408e-14    3.4393e-78    2.8273e-48    7.2625e-23    1.3104e-23    5.6950e-21    3.7706e-26    7.8959e-30    6.0970e-18    1.4815e-69    1.5391e-65    5.2948e-78    7.5356e-99    3.1135e-18    3.9100e-22    5.0855e-17    4.3624e-50    2.2290e-12    5.5863e-31    2.0067e-17    4.5468e-09    6.0296e-106    9.0478e-129    5.2982e-41    7.3923e-46    1.0486e-29    4.5856e-40    5.6747e-305    2.0761e-293    4.5330e-26    5.6113e-35    3.2343e-07    6.6154e-77    8.9464e-11    6.1978e-35    6.9521e-46    4.6805e-62    8.9038e-21    6.1253e-22    3.0556e-13    4.2142e-23    3.1328e-08    1.0901e-18
1.0941e-70    1.7722e-66    2.7687e-82    2.4389e-71    1.1660e-57    1.0313e-94    3.6935e-58    1.4515e-82    6.7977e-147    1.0003e-68    2.4017e-18    3.4772e-22    3.2885e-35    2.6753e-75    2.6466e-38    3.0811e-24    9.0037e-08    1.5511e-40    3.8306e-84    1.7798e-39    3.8905e-09    0.0000e+00    1.0776e-112    1.1771e-215    3.9691e-39    1.1577e-36    5.2629e-34    7.1258e-29    9.9178e-14    1.6478e-14    1.8942e-15    4.8009e-15    1.9162e-07    3.8724e-11    1.5655e-20    1.0765e-29    5.8246e-29    6.3465e-30    2.5351e-19    9.7108e-10    6.9433e-79    9.9636e-81    1.4960e-05    1.1313e-08    2.2820e-05    5.8263e-07    4.0838e-06    2.1430e-08    5.1562e-53    7.5098e-29    2.7244e-13    8.9511e-15    4.3742e-08    1.9085e-12    4.0106e-25    9.2202e-20    2.6598e-43    1.0494e-38    5.3711e-55    2.5237e-65    4.5443e-10    1.9497e-11    1.8245e-09    1.3496e-28    8.0395e-10    1.4520e-16    4.8377e-07    1.3383e-03    1.4369e-65    2.1410e-100    8.4445e-29    4.2513e-32    1.7075e-21    7.7062e-30    2.9706e-241    1.2052e-240    2.3975e-14    2.3887e-22    1.4383e-20    1.2838e-64    4.5879e-03    6.2499e-16    6.5054e-27    1.0188e-35    1.6205e-15    9.4029e-13    1.1330e-11    3.2607e-13    4.0962e-05    1.5447e-06
1.7732e-06    1.0039e-05    5.7022e-10    7.3386e-13    1.4461e-22    7.3926e-13    7.1234e-13    3.0200e-10    2.4932e-05    2.0161e-06    4.3449e-54    1.0786e-57    2.4901e-22    5.7828e-18    1.1902e-22    7.6716e-34    3.7351e-135    6.0342e-217    4.6083e-13    1.4568e-18    1.7199e-156    1.0776e-112    0.0000e+00    1.3596e-06    5.7056e-20    5.0640e-26    1.2984e-39    4.4078e-51    2.6946e-149    7.2025e-159    7.3751e-106    4.0674e-86    5.0329e-91    1.8343e-68    7.7250e-46    9.6567e-38    3.2875e-206    8.2308e-106    5.5372e-222    8.1767e-204    0.0000e+00    0.0000e+00    2.2485e-90    4.2216e-96    5.1753e-83    1.6861e-74    1.1825e-143    4.6055e-119    6.5955e-17    2.4675e-31    3.9056e-63    2.9922e-92    3.0318e-70    1.3431e-54    3.0434e-214    6.2156e-185    3.0528e-14    1.9904e-38    2.4103e-26    5.4663e-15    6.1824e-85    7.0706e-66    4.1811e-70    1.8234e-141    6.6394e-92    2.5356e-90    3.9406e-73    3.0739e-91    1.0180e-10    5.5487e-52    1.1730e-49    8.9223e-32    3.4240e-76    3.0815e-76    4.7352e-22    1.6280e-30    3.6151e-61    1.4708e-42    2.5807e-136    0.0000e+00    5.2748e-89    8.3799e-124    5.4826e-29    1.1675e-21    2.5306e-165    7.1714e-118    2.1714e-85    1.9928e-54    4.4398e-128    6.3554e-66
1.0862e-21    1.1573e-21    5.4026e-27    7.3532e-34    7.6708e-44    1.4857e-21    1.1763e-35    1.2777e-27    6.5790e-11    6.0809e-24    2.0695e-116    3.2752e-118    1.0550e-55    1.9270e-42    6.5746e-53    9.8012e-78    5.7790e-241    0.0000e+00    1.3251e-34    4.7468e-48    9.5735e-277    1.1771e-215    1.3596e-06    0.0000e+00    7.0304e-51    2.7053e-58    1.8272e-77    2.8127e-94    4.7493e-285    1.8348e-291    3.1001e-181    2.1682e-153    9.1653e-183    1.5743e-141    1.6077e-94    2.0608e-86    0.0000e+00    1.6039e-215    0.0000e+00    0.0000e+00    0.0000e+00    0.0000e+00    1.2471e-169    1.2227e-184    8.3358e-170    3.0762e-143    5.7983e-274    4.2416e-231    1.4375e-40    3.9170e-68    4.1383e-132    5.4518e-193    3.9628e-137    8.1463e-112    0.0000e+00    0.0000e+00    6.8113e-40    2.4149e-88    1.6280e-56    1.8476e-36    1.7364e-177    5.6222e-128    5.4831e-143    7.8230e-280    1.0457e-179    5.6953e-182    8.1068e-142    2.0056e-175    6.4355e-27    2.7244e-68    1.2069e-94    6.5872e-70    2.1055e-164    7.3634e-165    7.9604e-13    3.5875e-18    1.0824e-133    7.6501e-93    1.5071e-238    0.0000e+00    1.9202e-175    2.9570e-243    8.4702e-70    1.7928e-56    4.8912e-321    2.0564e-239    2.0539e-172    1.8314e-114    1.1676e-250    8.1733e-137
3.5937e-07    2.9962e-07    3.7913e-14    8.2571e-10    1.3034e-10    2.2102e-18    3.1082e-07    2.2041e-13    1.8624e-26    3.0900e-09    8.1425e-13    5.5175e-15    8.2942e-05    6.4203e-13    2.5565e-06    1.9531e-06    1.9323e-48    4.9674e-110    1.8462e-14    2.3064e-04    1.3503e-59    3.9691e-39    5.7056e-20    7.0304e-51    0.0000e+00    1.4865e-02    7.6532e-09    2.3378e-13    8.2471e-60    1.6807e-63    6.0950e-32    7.7422e-22    1.4197e-29    3.8505e-18    1.8635e-07    1.1765e-09    1.6515e-97    1.8563e-46    2.8853e-100    3.9163e-81    1.1607e-265    2.6724e-296    1.7518e-25    7.3879e-30    1.5489e-24    7.6025e-18    1.0958e-54    2.1257e-44    9.4845e-06    1.6146e-05    2.5743e-16    6.3674e-34    1.7042e-15    5.2269e-14    1.6220e-103    4.1671e-84    1.3922e-02    4.8747e-15    6.8678e-11    1.1926e-10    1.9055e-27    3.3189e-16    1.1881e-17    1.8259e-67    1.3552e-26    4.9886e-33    1.8809e-17    8.8260e-27    1.2539e-12    7.7469e-32    1.7198e-09    3.0855e-05    2.1841e-26    1.3412e-29    3.3824e-71    3.6759e-77    4.0251e-16    6.4305e-09    4.7984e-54    3.0582e-197    5.5899e-27    1.2931e-54    1.7861e-04    5.0609e-07    1.2810e-70    7.8841e-47    4.1429e-25    2.9293e-12    2.4503e-46    1.9906e-16
1.8028e-09    8.7542e-10    2.1481e-21    7.8127e-16    3.4623e-07    4.4441e-17    2.5521e-11    4.5440e-20    1.4177e-29    2.8720e-13    2.3007e-13    3.0968e-18    4.6711e-07    8.2243e-22    1.1254e-07    5.8809e-10    8.4674e-47    1.2317e-104    1.6782e-21    2.5598e-08    4.2083e-56    1.1577e-36    5.0640e-26    2.7053e-58    1.4865e-02    0.0000e+00    7.9904e-08    5.1500e-10    2.1933e-56    2.0777e-60    1.6016e-29    3.0861e-20    9.0551e-29    1.0801e-18    2.6962e-06    1.9215e-06    1.2885e-84    3.2338e-37    9.5656e-89    1.9096e-71    1.7455e-239    9.0804e-270    5.2569e-25    1.0210e-29    2.7759e-23    2.5183e-16    2.1893e-48    1.9671e-41    1.0572e-06    7.0427e-06    3.4047e-15    6.9305e-31    4.2594e-13    9.7615e-15    1.2723e-94    9.7012e-77    1.9947e-03    3.7830e-13    4.4567e-13    1.3455e-12    1.0054e-24    1.7228e-14    2.5552e-15    5.8152e-62    6.2769e-23    1.2464e-30    3.5455e-17    6.6097e-27    2.1914e-15    1.0291e-21    5.5063e-06    1.5742e-04    2.3191e-25    5.3836e-29    4.3603e-72    2.9879e-79    4.6484e-13    4.2485e-07    1.5378e-54    2.2537e-182    2.7275e-25    4.2325e-52    1.5732e-07    1.8190e-11    5.6178e-63    7.7538e-42    1.6107e-23    1.2566e-12    3.2089e-42    3.3859e-15
4.7963e-20    1.0335e-21    3.0694e-39    1.1436e-32    6.6642e-13    1.8303e-23    3.9950e-22    7.5180e-33    8.5465e-30    1.1206e-14    1.9861e-24    1.8353e-27    4.3350e-13    6.2216e-43    1.1208e-02    1.2253e-12    1.4812e-46    3.9617e-142    5.8047e-18    9.6803e-08    5.7329e-58    5.2629e-34    1.2984e-39    1.8272e-77    7.6532e-09    7.9904e-08    0.0000e+00    1.1911e-01    4.5889e-73    8.1393e-73    9.1123e-21    6.2986e-11    2.1292e-37    1.9166e-26    3.8293e-10    4.5066e-20    3.1437e-112    5.7329e-60    1.0269e-109    3.9470e-75    8.9941e-272    9.3902e-272    6.6007e-23    2.2254e-36    8.9294e-29    1.1733e-12    8.2807e-57    5.4914e-51    8.4352e-09    4.1646e-06    2.0045e-23    1.1079e-48    2.9914e-10    2.4968e-13    4.9161e-125    1.8176e-102    8.1566e-10    5.1109e-28    5.1631e-08    8.3598e-12    1.4795e-37    4.6369e-14    1.2172e-21    2.9863e-92    1.1868e-32    4.4900e-44    3.6669e-13    4.5170e-25    3.0907e-18    1.8467e-32    2.9546e-08    3.4117e-13    8.1723e-46    2.9761e-54    2.4307e-88    3.5309e-110    8.3682e-25    2.0123e-16    2.2653e-63    1.1130e-233    1.7308e-26    9.8274e-67    8.0247e-12    1.3111e-14    4.4826e-86    7.3569e-61    5.5458e-36    2.8197e-17    2.2791e-52    1.0163e-16
1.1200e-27    1.5128e-29    6.7260e-53    8.6335e-45    6.7847e-15    6.4009e-28    3.8407e-31    3.6868e-45    7.0685e-38    7.4874e-21    9.2993e-27    5.8865e-32    4.5052e-18    6.0732e-57    6.1684e-05    1.4985e-16    2.6907e-43    4.1395e-113    1.0372e-25    7.2606e-13    4.0053e-54    7.1258e-29    4.4078e-51    2.8127e-94    2.3378e-13    5.1500e-10    1.1911e-01    0.0000e+00    1.7429e-65    9.6126e-68    1.2291e-20    2.2502e-11    1.2169e-34    8.8977e-27    1.0888e-11    3.4848e-20    4.6373e-83    7.0259e-45    9.5780e-87    3.1874e-63    6.7577e-216    3.1310e-221    3.0198e-22    1.5939e-35    2.7880e-25    1.8372e-11    1.1015e-45    3.5541e-42    1.2449e-13    4.3098e-09    9.8988e-23    1.5409e-42    4.0605e-09    1.9738e-13    4.2058e-101    1.7531e-86    3.3415e-14    1.1665e-26    3.5878e-12    1.6045e-16    7.2875e-33    1.2822e-13    5.1250e-20    1.2557e-73    2.9148e-30    9.2504e-37    4.3615e-12    9.0986e-23    1.6179e-22    9.5533e-34    1.8798e-09    1.9089e-16    5.3722e-44    8.2738e-53    2.5412e-102    2.1146e-128    3.9080e-22    9.0095e-18    3.0071e-63    9.5406e-189    2.8546e-23    4.4920e-53    7.1750e-16    1.0790e-19    1.2305e-69    6.5459e-50    2.4482e-34    2.4665e-18    2.2864e-44    9.2068e-15
7.6486e-98    2.4475e-89    1.1140e-95    6.4807e-83    3.1497e-88    1.1455e-139    1.8440e-77    3.4065e-106    3.8271e-229    1.1571e-111    1.8233e-21    8.6366e-25    1.8039e-54    1.0915e-78    4.2267e-79    1.0569e-41    5.5641e-09    4.0350e-39    5.3110e-140    2.5246e-70    1.2688e-07    9.9178e-14    2.6946e-149    4.7493e-285    8.2471e-60    2.1933e-56    4.5889e-73    1.7429e-65    0.0000e+00    1.7067e-02    2.8457e-36    7.6462e-41    9.0935e-09    5.5827e-15    4.2846e-36    7.2648e-39    1.2016e-30    1.4500e-37    2.0441e-12    2.4805e-06    5.0809e-59    4.0331e-65    7.7071e-17    3.8696e-08    1.5290e-12    3.1426e-24    1.0436e-08    1.1115e-10    1.5833e-88    2.6758e-54    9.5141e-20    6.0772e-13    1.0044e-26    3.1217e-31    1.8427e-10    3.9903e-04    7.3566e-67    2.9498e-53    5.0300e-103    1.1023e-109    7.5638e-12    2.5817e-27    6.9196e-17    9.3305e-30    4.3917e-10    2.2105e-23    2.4963e-24    5.1653e-14    7.6733e-100    4.0991e-134    4.2044e-50    2.7845e-46    3.8182e-15    4.0919e-20    0.0000e+00    3.7601e-293    4.1431e-20    1.0648e-32    4.1760e-09    3.1131e-42    3.2360e-14    5.8947e-26    4.8289e-44    1.5709e-58    9.4536e-08    4.5034e-11    1.2145e-08    6.3520e-24    3.7591e-04    1.2757e-20
1.0261e-104    2.6197e-98    1.4709e-106    3.3090e-91    1.8032e-93    4.1900e-142    8.5668e-84    4.6441e-113    2.5053e-225    3.6605e-115    4.3793e-25    6.0950e-27    4.8292e-60    5.2200e-91    2.2614e-79    9.2329e-46    6.9230e-08    1.6394e-55    1.7373e-140    6.7586e-74    5.1827e-04    1.6478e-14    7.2025e-159    1.8348e-291    1.6807e-63    2.0777e-60    8.1393e-73    9.6126e-68    1.7067e-02    0.0000e+00    7.8688e-30    6.4083e-36    1.7657e-11    1.0107e-17    5.1762e-37    8.8033e-46    1.4027e-45    4.9044e-50    9.5928e-21    2.7375e-07    1.9016e-75    1.5648e-74    1.5148e-15    1.2037e-08    5.2156e-16    4.1242e-25    2.7413e-13    7.4227e-16    5.7259e-90    2.1423e-57    3.2393e-24    1.3082e-19    7.5839e-28    1.6083e-34    1.4555e-19    2.7579e-09    7.7603e-74    3.6324e-64    6.4090e-98    5.5536e-115    6.8362e-17    8.2145e-30    1.9375e-19    5.7652e-43    2.5360e-12    4.5069e-31    7.4082e-25    9.2935e-15    1.7770e-109    5.2822e-136    3.3619e-49    5.7018e-49    1.5166e-22    6.0302e-30    0.0000e+00    1.0248e-301    2.8500e-25    2.9119e-36    4.7505e-07    8.8014e-60    4.8232e-16    6.1512e-35    9.9130e-50    1.0317e-66    1.6982e-14    5.2610e-18    4.0496e-11    5.3560e-27    4.1423e-07    7.2715e-24
7.3748e-61    1.5008e-64    1.0280e-81    7.0487e-67    7.9434e-54    7.8391e-81    4.7148e-52    2.3293e-72    8.2150e-101    7.4969e-58    4.9942e-21    2.0464e-20    4.8875e-31    1.1758e-77    4.8542e-28    4.1935e-21    2.7855e-11    9.8023e-137    2.5946e-58    9.1621e-31    1.0049e-16    1.8942e-15    7.3751e-106    3.1001e-181    6.0950e-32    1.6016e-29    9.1123e-21    1.2291e-20    2.8457e-36    7.8688e-30    0.0000e+00    1.5532e-03    7.5239e-18    6.2162e-15    1.6555e-12    1.1966e-35    1.0270e-109    1.1549e-74    1.1904e-81    1.5785e-37    5.6838e-227    3.7433e-205    4.4310e-04    1.0639e-11    2.2007e-16    2.0451e-05    5.7965e-34    2.2199e-30    1.4143e-35    1.0138e-18    1.2539e-17    2.7908e-38    1.0656e-08    3.5860e-10    4.0517e-92    1.6754e-65    7.9460e-39    1.9242e-54    1.0686e-27    9.5402e-45    1.2530e-26    1.0647e-07    3.5623e-13    6.4380e-94    3.5354e-16    1.8237e-40    5.5494e-06    3.3066e-07    2.3047e-68    1.1321e-84    1.1421e-15    2.4199e-24    1.1173e-40    2.7503e-54    7.1098e-189    4.6885e-205    8.6830e-25    3.3320e-22    2.1455e-19    4.0379e-198    1.4361e-11    1.1060e-61    8.9120e-25    1.0311e-36    5.1675e-62    1.4238e-46    2.3704e-19    1.0909e-12    7.6798e-28    2.3320e-11
