0.0000e+00    1.6743e-05    1.5950e-12    1.9836e-03    5.7247e-10    1.5348e-26    6.1186e-07    1.6674e-10    2.6384e-85    8.3870e-09    5.5421e-101    1.7732e-06    3.5937e-07    4.7963e-20    7.6486e-98    7.3748e-61    1.3160e-52    9.5880e-20    1.3496e-141    9.0503e-151    0.0000e+00    6.7853e-52    3.6256e-47    4.8908e-90    3.0989e-04    1.2133e-31    4.4359e-38    2.4076e-148    2.4280e-03    1.0466e-10    6.2674e-48    1.8529e-36    6.6192e-51    9.6957e-42    2.5247e-12    7.0766e-22    1.8542e-43    3.3235e-31    1.8985e-31    9.3839e-87    4.3879e-51    1.1693e-11    7.2961e-109    2.2381e-48    2.6902e-80    2.3614e-01    8.3602e-05    4.2583e-12    8.5116e-05    5.5012e-04    5.2990e-30    7.0685e-09    5.5601e-15    7.5297e-155    2.1638e-07    1.0941e-70    1.0862e-21    1.8028e-09    1.1200e-27    1.0261e-104    7.2128e-49    1.4609e-36    1.2996e-16    1.1184e-66    2.3090e-136    0.0000e+00    4.3584e-56    8.3338e-41    2.6062e-73    1.7270e-11    8.1942e-54    4.5800e-27    1.2656e-124    4.2568e-20    6.5113e-05    1.4044e-32    1.5002e-94    6.1727e-53    5.2437e-55    5.6271e-36    4.1021e-11    2.2457e-44    2.1975e-38    3.6342e-18    8.2989e-266    3.2151e-81    2.1943e-09    1.7944e-72    3.8062e-26    1.0667e-34
1.6743e-05    0.0000e+00    1.8684e-33    9.4519e-03    1.0705e-21    5.2940e-26    1.1526e-08    5.8081e-21    1.0448e-93    4.7902e-10    7.0251e-112    5.7022e-10    3.7913e-14    3.0694e-39    1.1140e-95    1.0280e-81    7.0841e-51    1.4613e-28    1.5005e-150    3.3091e-162    0.0000e+00    7.0107e-61    4.6917e-50    1.1909e-100    1.1839e-11    3.0268e-34    1.0203e-55    4.1755e-140    7.3185e-10    5.0777e-17    4.5577e-48    3.3660e-43    3.3993e-59    1.1328e-53    1.6779e-23    4.8831e-40    1.5732e-38    4.5653e-39    5.2480e-36    6.5289e-83    4.6823e-57    4.9118e-13    1.7601e-108    2.1782e-49    3.3959e-85    2.6490e-05    1.0302e-01    3.4291e-30    2.4932e-01    8.9741e-09    2.0215e-26    5.3981e-03    4.0125e-15    9.9541e-135    1.1345e-10    2.7687e-82    5.4026e-27    2.1481e-21    6.7260e-53    1.4709e-106    6.1093e-72    1.0186e-35    4.2241e-24    9.2041e-76    4.2865e-164    0.0000e+00    1.3964e-56    9.2452e-55    1.3153e-73    1.8300e-19    2.8345e-50    3.0291e-30    2.8990e-119    4.2291e-24    3.1377e-11    1.4794e-42    1.5087e-83    1.3206e-51    2.3342e-61    1.4761e-76    4.3463e-17    9.5914e-38    2.7420e-41    3.6240e-24    6.4222e-251    1.0257e-74    8.6591e-09    6.1564e-70    1.1153e-27    2.0563e-41
1.5950e-12    1.8684e-33    0.0000e+00    5.3475e-21    5.5865e-15    7.1594e-33    3.1199e-18    1.4312e-10    3.8934e-79    2.4489e-26    2.9535e-88    1.4461e-22    1.3034e-10    6.6642e-13    3.1497e-88    7.9434e-54    2.7355e-54    1.9431e-20    2.2915e-111    3.0971e-120    2.3897e-289    9.5358e-49    4.6413e-45    9.5767e-75    5.1912e-11    2.7723e-34    7.0072e-27    2.0665e-130    1.7327e-08    5.9963e-20    3.8748e-46    1.7056e-33    1.5395e-44    2.2995e-35    4.2038e-08    8.0271e-16    2.9171e-48    4.1206e-49    4.6732e-28    9.3678e-93    2.7851e-47    4.7957e-22    1.5877e-92    3.7726e-47    3.0761e-68    3.5475e-12    6.1472e-29    1.8653e-04    1.0973e-30    4.1994e-13    2.9480e-43    2.0729e-41    1.9933e-26    3.8729e-148    2.2518e-16    1.1660e-57    7.6708e-44    3.4623e-07    6.7847e-15    1.8032e-93    1.4239e-37    1.6961e-41    3.7527e-14    3.9724e-49    2.3010e-100    3.4585e-323    1.8980e-57    3.4480e-34    5.8542e-70    1.3758e-15    1.2465e-53    4.2488e-33    1.3077e-109    2.2255e-20    2.5792e-15    1.5312e-32    5.5315e-89    1.8253e-53    8.6763e-51    2.0147e-09    3.1054e-16    2.8516e-52    7.3844e-66    4.4086e-19    7.9005e-237    1.3807e-78    5.8881e-23    1.4082e-66    4.8982e-32    2.1839e-32
1.9836e-03    9.4519e-03    5.3475e-21    0.0000e+00    2.4864e-21    1.3602e-16    3.8504e-03    2.0138e-11    4.5383e-69    3.9674e-09    6.4440e-83    7.1234e-13    3.1082e-07    3.9950e-22    1.8440e-77    4.7148e-52    1.8832e-37    3.1726e-15    1.5599e-123    6.8058e-129    0.0000e+00    1.9924e-40    5.9804e-35    3.5880e-74    8.7259e-05    7.1789e-22    1.6617e-33    5.7785e-121    2.6890e-04    1.3228e-08    5.2149e-35    1.0094e-27    1.0658e-39    5.1975e-35    1.3772e-19    3.3827e-21    2.6709e-30    3.4590e-46    4.3131e-24    1.4652e-65    5.1600e-39    1.1521e-06    1.3072e-88    1.2080e-35    4.2725e-64    7.3630e-04    1.5347e-01    1.7262e-23    2.5009e-02    9.9443e-07    4.7267e-18    9.3240e-04    1.8961e-08    3.7786e-124    3.6033e-05    3.6935e-58    1.1763e-35    2.5521e-11    3.8407e-31    8.5668e-84    1.5135e-43    1.7696e-24    1.0826e-14    2.9366e-59    3.0314e-121    0.0000e+00    5.5066e-41    4.4973e-34    5.6715e-57    1.3410e-08    5.5319e-39    1.1898e-18    5.3760e-100    1.5955e-17    1.7610e-06    4.1991e-25    9.4942e-74    1.7469e-39    1.2043e-43    1.8796e-53    4.0618e-08    4.2974e-31    5.7508e-50    2.7840e-13    2.0568e-223    2.3359e-62    5.6020e-05    2.2438e-55    6.5831e-17    2.4840e-26
5.7247e-10    1.0705e-21    5.5865e-15    2.4864e-21    0.0000e+00    3.2191e-83    4.9045e-32    3.7142e-20    1.2428e-167    6.4480e-16    3.4395e-196    2.4932e-05    1.8624e-26    8.5465e-30    3.8271e-229    8.2150e-101    5.2475e-137    9.0324e-55    0.0000e+00    0.0000e+00    0.0000e+00    2.9515e-108    7.5257e-122    2.7943e-203    8.8545e-16    2.0558e-92    2.9295e-77    0.0000e+00    5.9504e-19    1.4956e-24    3.7235e-136    3.6220e-97    6.1650e-126    1.3076e-85    8.7533e-11    5.4623e-47    1.1425e-134    1.4881e-21    6.9130e-98    1.5064e-180    1.1672e-119    4.8361e-42    5.3220e-265    3.7476e-129    5.4022e-190    3.0927e-11    1.8243e-24    1.4457e-04    4.5846e-19    3.0637e-08    5.3530e-84    4.3433e-34    9.7189e-48    0.0000e+00    2.1560e-22    6.7977e-147    6.5790e-11    1.4177e-29    7.0685e-38    2.5053e-225    1.8370e-78    1.5363e-101    2.5790e-60    3.9473e-176    2.6082e-259    0.0000e+00    1.9915e-133    5.1468e-84    5.1659e-178    5.5343e-33    3.8048e-156    1.1184e-69    1.1377e-301    3.5124e-67    2.6291e-14    5.8461e-76    6.5302e-246    5.6400e-142    2.0730e-118    7.6808e-26    8.4619e-42    3.7184e-140    1.6269e-35    1.6075e-60    0.0000e+00    1.2627e-199    1.1166e-33    1.8862e-195    5.9383e-76    1.5164e-89
1.5348e-26    5.2940e-26    7.1594e-33    1.3602e-16    3.2191e-83    0.0000e+00    9.9442e-09    9.5205e-23    1.7597e-21    4.9551e-44    2.3540e-26    4.3449e-54    8.1425e-13    1.9861e-24    1.8233e-21    4.9942e-21    1.3689e-05    2.7650e-05    1.2039e-49    1.3697e-46    3.7291e-164    3.0602e-10    3.4372e-06    1.8869e-21    2.1575e-21    1.9835e-02    3.7015e-11    1.2630e-43    2.0493e-15    1.6771e-26    4.5873e-05    6.9267e-04    5.3595e-06    7.4261e-12    1.9854e-41    2.6123e-12    1.5680e-04    3.4306e-137    6.5569e-04    9.1924e-20    6.1973e-09    9.9624e-07    2.2599e-26    2.9725e-04    5.7625e-16    4.5230e-25    6.2226e-19    1.6665e-54    2.5403e-28    1.9861e-34    9.9033e-03    1.0877e-18    2.1344e-06    3.0389e-48    1.1014e-16    2.4017e-18    2.0695e-116    2.3007e-13    9.2993e-27    4.3793e-25    1.8166e-19    4.2842e-02    6.7322e-08    1.8005e-25    4.0728e-43    4.3030e-202    5.1648e-07    1.1987e-10    6.6884e-15    1.7274e-10    7.0070e-07    7.2587e-07    3.5793e-32    4.8383e-15    1.1397e-31    4.0165e-07    2.4119e-25    2.3926e-10    4.5310e-12    2.7382e-65    3.1589e-06    1.0838e-06    7.0779e-127    1.1948e-03    1.4467e-96    1.9843e-21    3.8358e-13    5.2885e-13    2.5726e-02    9.1065e-06
6.1186e-07    1.1526e-08    3.1199e-18    3.8504e-03    4.9045e-32    9.9442e-09    0.0000e+00    2.2608e-07    6.7294e-46    1.8697e-12    4.2817e-56    2.4901e-22    8.2942e-05    4.3350e-13    1.8039e-54    4.8875e-31    2.9148e-22    1.4952e-06    1.6478e-77    1.9306e-84    1.6511e-239    1.4541e-23    2.5370e-19    2.3543e-45    3.6121e-04    1.1047e-10    3.1434e-17    1.4640e-83    2.2136e-03    1.7188e-06    9.8609e-20    3.9699e-14    4.9786e-23    1.7143e-19    8.7477e-22    1.4205e-10    7.1055e-19    1.5747e-67    1.8250e-12    3.8978e-48    8.7783e-22    3.7567e-02    1.3614e-57    9.0293e-22    8.9221e-41    1.5200e-07    1.2635e-05    1.7459e-27    6.5690e-08    8.0165e-10    1.0840e-10    1.1207e-06    3.3299e-03    6.9664e-79    1.1939e-03    3.2885e-35    1.0550e-55    4.6711e-07    4.5052e-18    4.8292e-60    6.1311e-25    2.2213e-13    2.8203e-08    8.5197e-36    2.5642e-80    3.1893e-287    9.5158e-26    6.2545e-18    2.6750e-34    4.0144e-03    4.9082e-23    3.3668e-08    2.7823e-70    9.7167e-11    6.8530e-07    8.9887e-12    6.0082e-45    2.4156e-21    4.8331e-26    1.1047e-47    1.8471e-03    4.3763e-20    1.8607e-71    5.8017e-06    8.9239e-155    6.0974e-37    9.4773e-03    1.5680e-33    1.5862e-07    1.0580e-12
1.6674e-10    5.8081e-21    1.4312e-10    2.0138e-11    3.7142e-20    9.5205e-23    2.2608e-07    0.0000e+00    7.7278e-55    9.7775e-09    8.7416e-66    1.1902e-22    2.5565e-06    1.1208e-02    4.2267e-79    4.8542e-28    9.2456e-40    1.5363e-11    1.8883e-126    1.7219e-121    7.1157e-306    5.9270e-28    6.5682e-32    8.0283e-64    1.7991e-04    3.2252e-24    3.6465e-14    2.1288e-134    3.4369e-05    1.2773e-04    3.3096e-39    4.5018e-24    2.8821e-36    2.8871e-18    1.2189e-12    1.7605e-10    4.9015e-43    2.1519e-66    2.8205e-25    5.8795e-70    6.0683e-30    4.7362e-08    4.8129e-94    1.2107e-38    1.0213e-57    2.9288e-11    5.4936e-18    6.5604e-18    2.7962e-17    4.2614e-06    2.9747e-25    1.5560e-23    2.2334e-09    8.5096e-161    2.1332e-03    2.6466e-38    6.5746e-53    1.1254e-07    6.1684e-05    2.2614e-79    6.0629e-17    2.8847e-27    8.1041e-18    1.4108e-64    1.8083e-86    7.8597e-314    1.3794e-40    2.6284e-17    1.1064e-57    9.3442e-05    1.7164e-49    2.1766e-14    2.7533e-108    1.9235e-25    6.5526e-06    1.2000e-16    3.3412e-99    3.1464e-48    7.2347e-31    3.0183e-33    3.3747e-11    8.0453e-49    1.0477e-82    4.4898e-15    3.8708e-257    3.5907e-73    1.3577e-07    1.5354e-64    1.6726e-17    7.5051e-19
2.6384e-85    1.0448e-93    3.8934e-79    4.5383e-69    1.2428e-167    1.7597e-21    6.7294e-46    7.7278e-55    0.0000e+00    2.4031e-97    1.9815e-03    3.7351e-135    1.9323e-48    1.4812e-46    5.5641e-09    2.7855e-11    2.9827e-08    1.5044e-25    2.2023e-47    7.0633e-26    5.7411e-92    9.8680e-06    5.7645e-10    6.6181e-10    4.9134e-65    2.4065e-17    2.8214e-16    2.5822e-29    1.5739e-57    2.7442e-64    4.2966e-15    4.4538e-14    1.2040e-10    1.4635e-11    5.7637e-91    5.0859e-35    3.9474e-25    7.3751e-272    1.1108e-22    1.5921e-06    7.0123e-08    3.1609e-35    6.7359e-21    1.7520e-11    2.6179e-07    4.0448e-84    4.2533e-79    5.8752e-119    1.0928e-92    1.0485e-88    8.7448e-21    6.4489e-82    4.5446e-31    8.5425e-61    1.7277e-51    9.0037e-08    5.7790e-241    8.4674e-47    2.6907e-43    6.9230e-08    5.9964e-17    1.1431e-12    2.2591e-42    4.4722e-50    2.0376e-08    1.2941e-83    4.8466e-05    4.9745e-12    4.1250e-10    9.2083e-39    3.3762e-20    1.2489e-18    1.0719e-19    1.3201e-56    2.1920e-80    1.1137e-15    2.2694e-47    4.6940e-25    8.3730e-05    1.5017e-118    5.3810e-39    1.0989e-34    3.5193e-264    5.3070e-31    3.2032e-78    4.2640e-31    1.9210e-49    9.0778e-20    3.7449e-17    1.4039e-13
8.3870e-09    4.7902e-10    2.4489e-26    3.9674e-09    6.4480e-16    4.9551e-44    1.8697e-12    9.7775e-09    2.4031e-97    0.0000e+00    2.4551e-120    4.6083e-13    1.8462e-14    5.8047e-18    5.3110e-140    2.5946e-58    1.8725e-74    1.0297e-29    3.8780e-212    3.6332e-214    0.0000e+00    1.9992e-58    6.5489e-66    3.5205e-123    2.6824e-08    1.2384e-49    7.7114e-45    3.6282e-223    6.3792e-11    4.0108e-08    2.2500e-77    1.4284e-54    4.0579e-76    6.1121e-45    1.3413e-17    4.8558e-32    8.1531e-77    2.9580e-53    4.7387e-57    2.0416e-106    1.9116e-64    3.8894e-15    2.2998e-165    1.1884e-74    2.5453e-113    2.5097e-10    1.8151e-11    1.6439e-25    3.4985e-07    5.0708e-04    5.6435e-40    3.8646e-13    1.4290e-16    9.7212e-223    1.1150e-05    3.8306e-84    1.3251e-34    1.6782e-21    1.0372e-25    1.7373e-140    3.0625e-46    2.5151e-52    1.1294e-40    3.1524e-118    5.4014e-170    0.0000e+00    8.1001e-74    3.0744e-45    6.2631e-101    4.1412e-15    1.9785e-90    4.7319e-30    1.4970e-188    2.3992e-44    1.8790e-05    2.2181e-39    4.0386e-153    2.6757e-81    2.0688e-62    2.9178e-59    8.6772e-24    1.9635e-81    6.2892e-66    1.0104e-35    0.0000e+00    2.4445e-116    1.1808e-09    1.7250e-116    2.7727e-36    2.8887e-46
5.5421e-101    7.0251e-112    2.9535e-88    6.4440e-83    3.4395e-196    2.3540e-26    4.2817e-56    8.7416e-66    1.9815e-03    2.4551e-120    0.0000e+00    1.7199e-156    1.3503e-59    5.7329e-58    1.2688e-07    1.0049e-16    7.3950e-11    2.5510e-31    4.0914e-53    1.6082e-27    9.9857e-94    5.9521e-09    8.2861e-14    7.5203e-13    3.4393e-78    7.2625e-23    5.6950e-21    7.8959e-30    1.4815e-69    5.2948e-78    3.1135e-18    5.0855e-17    2.2290e-12    2.0067e-17    6.0296e-106    5.2982e-41    1.0486e-29    5.6747e-305    4.5330e-26    3.2343e-07    8.9464e-11    6.9521e-46    8.9038e-21    3.0556e-13    3.1328e-08    5.0316e-98    1.5985e-95    1.4487e-132    8.2504e-112    3.2558e-104    2.8227e-27    1.4226e-98    4.2675e-41    7.4540e-63    3.6886e-65    3.8905e-09    9.5735e-277    4.2083e-56    4.0053e-54    5.1827e-04    1.3221e-23    6.9062e-17    2.7862e-47    5.7142e-55    3.8876e-08    2.2448e-85    2.2640e-07    2.7532e-17    1.2408e-14    2.8273e-48    1.3104e-23    3.7706e-26    6.0970e-18    1.5391e-65    7.5356e-99    3.9100e-22    4.3624e-50    5.5863e-31    4.5468e-09    9.0478e-129    7.3923e-46    4.5856e-40    2.0761e-293    5.6113e-35    6.6154e-77    6.1978e-35    4.6805e-62    6.1253e-22    4.2142e-23    1.0901e-18
1.7732e-06    5.7022e-10    1.4461e-22    7.1234e-13    2.4932e-05    4.3449e-54    2.4901e-22    1.1902e-22    3.7351e-135    4.6083e-13    1.7199e-156    0.0000e+00    5.7056e-20    1.2984e-39    2.6946e-149    7.3751e-106    5.0329e-91    7.7250e-46    3.2875e-206    5.5372e-222    0.0000e+00    2.2485e-90    5.1753e-83    1.1825e-143    6.5955e-17    3.9056e-63    3.0318e-70    3.0434e-214    3.0528e-14    2.4103e-26    6.1824e-85    4.1811e-70    6.6394e-92    3.9406e-73    1.0180e-10    1.1730e-49    3.4240e-76    4.7352e-22    3.6151e-61    2.5807e-136    5.2748e-89    5.4826e-29    2.5306e-165    2.1714e-85    4.4398e-128    1.0039e-05    7.3386e-13    7.3926e-13    3.0200e-10    2.0161e-06    1.0786e-57    5.7828e-18    7.6716e-34    6.0342e-217    1.4568e-18    1.0776e-112    1.3596e-06    5.0640e-26    4.4078e-51    7.2025e-159    4.0674e-86    1.8343e-68    9.6567e-38    8.2308e-106    8.1767e-204    0.0000e+00    4.2216e-96    1.6861e-74    4.6055e-119    2.4675e-31    2.9922e-92    1.3431e-54    6.2156e-185    1.9904e-38    5.4663e-15    7.0706e-66    1.8234e-141    2.5356e-90    3.0739e-91    5.5487e-52    8.9223e-32    3.0815e-76    1.6280e-30    1.4708e-42    0.0000e+00    8.3799e-124    1.1675e-21    7.1714e-118    1.9928e-54    6.3554e-66
3.5937e-07    3.7913e-14    1.3034e-10    3.1082e-07    1.8624e-26    8.1425e-13    8.2942e-05    2.5565e-06    1.9323e-48    1.8462e-14    1.3503e-59    5.7056e-20    0.0000e+00    7.6532e-09    8.2471e-60    6.0950e-32    1.4197e-29    1.8635e-07    1.6515e-97    2.8853e-100    1.1607e-265    1.7518e-25    1.5489e-24    1.0958e-54    9.4845e-06    2.5743e-16    1.7042e-15    1.6220e-103    1.3922e-02    6.8678e-11    1.9055e-27    1.1881e-17    1.3552e-26    1.8809e-17    1.2539e-12    1.7198e-09    2.1841e-26    3.3824e-71    4.0251e-16    4.7984e-54    5.5899e-27    1.7861e-04    1.2810e-70    4.1429e-25    2.4503e-46    2.9962e-07    8.2571e-10    2.2102e-18    2.2041e-13    3.0900e-09    5.5175e-15    6.4203e-13    1.9531e-06    4.9674e-110    2.3064e-04    3.9691e-39    7.0304e-51    1.4865e-02    2.3378e-13    1.6807e-63    7.7422e-22    3.8505e-18    1.1765e-09    1.8563e-46    3.9163e-81    2.6724e-296    7.3879e-30    7.6025e-18    2.1257e-44    1.6146e-05    6.3674e-34    5.2269e-14    4.1671e-84    4.8747e-15    1.1926e-10    3.3189e-16    1.8259e-67    4.9886e-33    8.8260e-27    7.7469e-32    3.0855e-05    1.3412e-29    3.6759e-77    6.4305e-09    3.0582e-197    1.2931e-54    5.0609e-07    7.8841e-47    2.9293e-12    1.9906e-16
4.7963e-20    3.0694e-39    6.6642e-13    3.9950e-22    8.5465e-30    1.9861e-24    4.3350e-13    1.1208e-02    1.4812e-46    5.8047e-18    5.7329e-58    1.2984e-39    7.6532e-09    0.0000e+00    4.5889e-73    9.1123e-21    2.1292e-37    3.8293e-10    3.1437e-112    1.0269e-109    8.9941e-272    6.6007e-23    8.9294e-29    8.2807e-57    8.4352e-09    2.0045e-23    2.9914e-10    4.9161e-125    8.1566e-10    5.1631e-08    1.4795e-37    1.2172e-21    1.1868e-32    3.6669e-13    3.0907e-18    2.9546e-08    8.1723e-46    2.4307e-88    8.3682e-25    2.2653e-63    1.7308e-26    8.0247e-12    4.4826e-86    5.5458e-36    2.2791e-52    1.0335e-21    1.1436e-32    1.8303e-23    7.5180e-33    1.1206e-14    1.8353e-27    6.2216e-43    1.2253e-12    3.9617e-142    9.6803e-08    5.2629e-34    1.8272e-77    7.9904e-08    1.1911e-01    8.1393e-73    6.2986e-11    1.9166e-26    4.5066e-20    5.7329e-60    3.9470e-75    9.3902e-272    2.2254e-36    1.1733e-12    5.4914e-51    4.1646e-06    1.1079e-48    2.4968e-13    1.8176e-102    5.1109e-28    8.3598e-12    4.6369e-14    2.9863e-92    4.4900e-44    4.5170e-25    1.8467e-32    3.4117e-13    2.9761e-54    3.5309e-110    2.0123e-16    1.1130e-233    9.8274e-67    1.3111e-14    7.3569e-61    2.8197e-17    1.0163e-16
7.6486e-98    1.1140e-95    3.1497e-88    1.8440e-77    3.8271e-229    1.8233e-21    1.8039e-54    4.2267e-79    5.5641e-09    5.3110e-140    1.2688e-07    2.6946e-149    8.2471e-60    4.5889e-73    0.0000e+00    2.8457e-36    9.0935e-09    4.2846e-36    1.2016e-30    2.0441e-12    5.0809e-59    7.7071e-17    1.5290e-12    1.0436e-08    1.5833e-88    9.5141e-20    1.0044e-26    1.8427e-10    7.3566e-67    5.0300e-103    7.5638e-12    6.9196e-17    4.3917e-10    2.4963e-24    7.6733e-100    4.2044e-50    3.8182e-15    0.0000e+00    4.1431e-20    4.1760e-09    3.2360e-14    4.8289e-44    9.4536e-08    1.2145e-08    3.7591e-04    2.4475e-89    6.4807e-83    1.1455e-139    3.4065e-106    1.1571e-111    8.6366e-25    1.0915e-78    1.0569e-41    4.0350e-39    2.5246e-70    9.9178e-14    4.7493e-285    2.1933e-56    1.7429e-65    1.7067e-02    7.6462e-41    5.5827e-15    7.2648e-39    1.4500e-37    2.4805e-06    4.0331e-65    3.8696e-08    3.1426e-24    1.1115e-10    2.6758e-54    6.0772e-13    3.1217e-31    3.9903e-04    2.9498e-53    1.1023e-109    2.5817e-27    9.3305e-30    2.2105e-23    5.1653e-14    4.0991e-134    2.7845e-46    4.0919e-20    3.7601e-293    1.0648e-32    3.1131e-42    5.8947e-26    1.5709e-58    4.5034e-11    6.3520e-24    1.2757e-20
7.3748e-61    1.0280e-81    7.9434e-54    4.7148e-52    8.2150e-101    4.9942e-21    4.8875e-31    4.8542e-28    2.7855e-11    2.5946e-58    1.0049e-16    7.3751e-106    6.0950e-32    9.1123e-21    2.8457e-36    0.0000e+00    7.5239e-18    1.6555e-12    1.0270e-109    1.1904e-81    5.6838e-227    4.4310e-04    2.2007e-16    5.7965e-34    1.4143e-35    1.2539e-17    1.0656e-08    4.0517e-92    7.9460e-39    1.0686e-27    1.2530e-26    3.5623e-13    3.5354e-16    5.5494e-06    2.3047e-68    1.1421e-15    1.1173e-40    7.1098e-189    8.6830e-25    2.1455e-19    1.4361e-11    8.9120e-25    5.1675e-62    2.3704e-19    7.6798e-28    1.5008e-64    7.0487e-67    7.8391e-81    2.3293e-72    7.4969e-58    2.0464e-20    1.1758e-77    4.1935e-21    9.8023e-137    9.1621e-31    1.8942e-15    3.1001e-181    1.6016e-29    1.2291e-20    7.8688e-30    1.5532e-03    6.2162e-15    1.1966e-35    1.1549e-74    1.5785e-37    3.7433e-205    1.0639e-11    2.0451e-05    2.2199e-30    1.0138e-18    2.7908e-38    3.5860e-10    1.6754e-65    1.9242e-54    9.5402e-45    1.0647e-07    6.4380e-94    1.8237e-40    3.3066e-07    1.1321e-84    2.4199e-24    2.7503e-54    4.6885e-205    3.3320e-22    4.0379e-198    1.1060e-61    1.0311e-36    1.4238e-46    1.0909e-12    2.3320e-11
1.3160e-52    7.0841e-51    2.7355e-54    1.8832e-37    5.2475e-137    1.3689e-05    2.9148e-22    9.2456e-40    2.9827e-08    1.8725e-74    7.3950e-11    5.0329e-91    1.4197e-29    2.1292e-37    9.0935e-09    7.5239e-18    0.0000e+00    2.5599e-13    1.5698e-27    3.7113e-20    1.6085e-93    1.0554e-05    4.0673e-02    2.6344e-06    2.7005e-43    6.0906e-04    9.5147e-11    2.0754e-20    9.4182e-33    9.2991e-50    2.8617e-02    6.5062e-04    7.1786e-03    4.4513e-10    1.3356e-63    4.2674e-23    1.6827e-05    3.7188e-209    1.1852e-06    3.5279e-10    3.4721e-03    1.2921e-16    5.0904e-11    1.5810e-02    1.8863e-04    6.5346e-49    4.0539e-42    3.6662e-89    2.3691e-55    4.3943e-61    1.6999e-07    9.2840e-40    6.6917e-15    8.2341e-29    1.3243e-32    1.9162e-07    9.1653e-183    9.0551e-29    1.2169e-34    1.7657e-11    5.9033e-20    3.3233e-02    2.3292e-18    2.5344e-23    1.0964e-17    9.6409e-113    3.8746e-02    1.4120e-08    3.7608e-04    7.0767e-22    1.0742e-03    1.6347e-08    1.6103e-14    3.0440e-26    2.8489e-55    1.8089e-07    6.0569e-17    3.0657e-07    1.5477e-05    3.7222e-95    2.3586e-19    5.6927e-09    1.9577e-192    4.6043e-12    9.8291e-55    6.5069e-12    6.6966e-25    7.0102e-05    3.1747e-05    5.1171e-05
9.5880e-20    1.4613e-28    1.9431e-20    3.1726e-15    9.0324e-55    2.7650e-05    1.4952e-06    1.5363e-11    1.5044e-25    1.0297e-29    2.5510e-31    7.7250e-46    1.8635e-07    3.8293e-10    4.2846e-36    1.6555e-12    2.5599e-13    0.0000e+00    2.7580e-66    6.7005e-64    1.0544e-193    1.2052e-09    9.9468e-11    2.6101e-29    4.7042e-11    1.6965e-05    1.6307e-05    3.3436e-70    5.3971e-10    1.4712e-12    5.8713e-13    8.2776e-05    1.5775e-09    4.2576e-08    8.4860e-33    3.2208e-02    2.2855e-16    8.8037e-107    5.8087e-07    1.1340e-29    1.8824e-11    1.4696e-05    5.2795e-43    9.0659e-11    2.2152e-25    4.1730e-21    1.5433e-20    1.2071e-37    2.5037e-26    4.2071e-24    1.1969e-07    7.8999e-24    1.3373e-05    1.9560e-74    1.0274e-10    1.5655e-20    1.6077e-94    2.6962e-06    1.0888e-11    5.1762e-37    2.6378e-09    5.4733e-07    1.8276e-07    1.4976e-32    5.8825e-48    4.1895e-216    6.4900e-13    3.6687e-06    9.9574e-24    8.7516e-04    2.1903e-18    2.9015e-05    2.8460e-54    3.7114e-16    3.1748e-18    5.8292e-04    1.4188e-44    9.3795e-18    3.6494e-13    4.8359e-43    1.2515e-02    1.1031e-20    1.2573e-109    8.8451e-03    1.0255e-137    4.6875e-34    5.1501e-12    2.6146e-26    1.0992e-03    8.5236e-06
1.3496e-141    1.5005e-150    2.2915e-111    1.5599e-123    0.0000e+00    1.2039e-49    1.6478e-77    1.8883e-126    2.2023e-47    3.8780e-212    4.0914e-53    3.2875e-206    1.6515e-97    3.1437e-112    1.2016e-30    1.0270e-109    1.5698e-27    2.7580e-66    0.0000e+00    2.9332e-08    5.7657e-34    1.0310e-51    1.4359e-21    4.5355e-11    1.4919e-134    5.1372e-31    1.6250e-44    1.9066e-13    1.1108e-84    4.4843e-181    2.2023e-20    3.3165e-33    4.5737e-31    1.4416e-53    1.2138e-101    6.6443e-92    3.4602e-34    0.0000e+00    2.5499e-28    1.7377e-56    1.1830e-23    5.0383e-66    2.3754e-10    3.2159e-32    7.0064e-17    7.8446e-120    1.4512e-142    2.8477e-193    1.6802e-172    2.6988e-156    2.1895e-71    7.5223e-136    1.5589e-70    4.1822e-10    2.0565e-105    5.8246e-29    0.0000e+00    1.2885e-84    4.6373e-83    1.4027e-45    2.9084e-104    9.3118e-37    2.8434e-43    1.8979e-12    2.4461e-22    9.9548e-49    6.6402e-41    2.0962e-39    1.0448e-12    1.8749e-67    1.2192e-20    1.4901e-36    5.5642e-21    1.0009e-38    2.5223e-133    1.4394e-38    4.3136e-12    5.9386e-17    2.6148e-37    6.4035e-196    1.5056e-80    6.4494e-39    0.0000e+00    1.4188e-52    6.7386e-24    2.5558e-11    2.3381e-62    1.4946e-12    2.6462e-43    5.6307e-34
9.0503e-151    3.3091e-162    3.0971e-120    6.8058e-129    0.0000e+00    1.3697e-46    1.9306e-84    1.7219e-121    7.0633e-26    3.6332e-214    1.6082e-27    5.5372e-222    2.8853e-100    1.0269e-109    2.0441e-12    1.1904e-81    3.7113e-20    6.7005e-64    2.9332e-08    0.0000e+00    1.3818e-19    2.0801e-37    6.6188e-19    8.4367e-06    2.4775e-136    8.8848e-32    1.9686e-41    2.0308e-02    2.4072e-95    6.9132e-170    2.0776e-19    3.1847e-30    6.9434e-24    2.3279e-43    1.9870e-120    4.0922e-87    1.8494e-34    0.0000e+00    2.1747e-31    3.4659e-33    1.5829e-20    6.1773e-71    2.0302e-04    2.6394e-25    4.1482e-08    7.8610e-133    8.3332e-149    5.2868e-199    1.7506e-178    6.8787e-164    1.5623e-62    8.3905e-148    2.2932e-71    8.2166e-15    1.3225e-107    2.5351e-19    0.0000e+00    9.5656e-89    9.5780e-87    9.5928e-21    6.5056e-83    2.0122e-32    6.1418e-54    3.3711e-28    4.8081e-07    1.8852e-25    7.0540e-27    2.7620e-36    6.6564e-10    8.1195e-75    2.1270e-20    2.4989e-40    3.8686e-06    2.0891e-59    2.3825e-146    1.2207e-38    2.7121e-19    3.0784e-23    2.0113e-26    6.3586e-197    5.0994e-81    1.1888e-42    0.0000e+00    1.7075e-54    1.8923e-12    5.8466e-16    9.9850e-78    2.1883e-11    6.4038e-42    3.5679e-31
0.0000e+00    0.0000e+00    2.3897e-289    0.0000e+00    0.0000e+00    3.7291e-164    1.6511e-239    7.1157e-306    5.7411e-92    0.0000e+00    9.9857e-94    0.0000e+00    1.1607e-265    8.9941e-272    5.0809e-59    5.6838e-227    1.6085e-93    1.0544e-193    5.7657e-34    1.3818e-19    0.0000e+00    4.8102e-128    2.9339e-87    2.7039e-46    0.0000e+00    2.9170e-124    2.7776e-134    9.9062e-21    1.1967e-253    0.0000e+00    1.1992e-93    8.8803e-119    4.1383e-104    2.9959e-139    6.6614e-266    6.2260e-243    4.8378e-132    0.0000e+00    2.7645e-121    1.3585e-104    9.6292e-86    1.5504e-205    4.6965e-39    4.8999e-106    3.0212e-54    0.0000e+00    0.0000e+00    0.0000e+00    0.0000e+00    0.0000e+00    3.2093e-197    0.0000e+00    9.5138e-208    1.1147e-47    1.3733e-279    6.9433e-79    0.0000e+00    1.7455e-239    6.7577e-216    1.9016e-75    1.5738e-228    9.9290e-125    6.2498e-170    2.8508e-93    5.1315e-37    9.8553e-03    2.7892e-107    4.3544e-120    4.4819e-57    3.6939e-209    1.7528e-97    1.4714e-130    7.7628e-37    3.3269e-171    0.0000e+00    1.0391e-130    1.5637e-81    3.3518e-95    1.4934e-98    0.0000e+00    7.5816e-237    1.4611e-150    0.0000e+00    4.1353e-179    6.1319e-09    2.6739e-68    3.0386e-209    1.2776e-69    2.7452e-146    1.0239e-117
6.7853e-52    7.0107e-61    9.5358e-49    1.9924e-40    2.9515e-108    3.0602e-10    1.4541e-23    5.9270e-28    9.8680e-06    1.9992e-58    5.9521e-09    2.2485e-90    1.7518e-25    6.6007e-23    7.7071e-17    4.4310e-04    1.0554e-05    1.2052e-09    1.0310e-51    2.0801e-37    4.8102e-128    0.0000e+00    8.9911e-05    6.3810e-13    4.0692e-35    5.8332e-08    7.9642e-05    1.6482e-43    4.6503e-32    1.4029e-32    4.7230e-10    2.3359e-05    4.2547e-06    2.9957e-03    9.1882e-60    3.2865e-15    1.7632e-18    1.1279e-191    5.6229e-12    1.3853e-12    3.2132e-03    5.4226e-17    3.6052e-27    2.5304e-07    6.1132e-10    4.9730e-52    2.6432e-49    2.9929e-77    5.7327e-58    1.3923e-52    2.3358e-10    2.2440e-53    3.1562e-14    1.4162e-65    7.1594e-27    1.4960e-05    1.2471e-169    5.2569e-25    3.0198e-22    1.5148e-15    4.0258e-05    2.0547e-05    6.1735e-24    1.7095e-39    8.1406e-19    1.7575e-127    1.0833e-03    8.9197e-03    1.6809e-11    1.9334e-17    6.3489e-16    8.6434e-07    2.9189e-31    1.9195e-35    1.1921e-46    2.9429e-05    1.3315e-43    6.7172e-18    6.1381e-02    3.3579e-82    7.7715e-19    1.9533e-26    2.7447e-192    1.8900e-14    8.5089e-103    3.4258e-27    4.7064e-27    8.7525e-19    2.5463e-06    1.4919e-04
3.6256e-47    4.6917e-50    4.6413e-45    5.9804e-35    7.5257e-122    3.4372e-06    2.5370e-19    6.5682e-32    5.7645e-10    6.5489e-66    8.2861e-14    5.1753e-83    1.5489e-24    8.9294e-29    1.5290e-12    2.2007e-16    4.0673e-02    9.9468e-11    1.4359e-21    6.6188e-19    2.9339e-87    8.9911e-05    0.0000e+00    3.2116e-05    1.8292e-37    2.9299e-03    3.8388e-06    2.7418e-22    5.0005e-27    1.6297e-43    2.4140e-02    6.2796e-03    2.2459e-03    2.2735e-06    2.2563e-52    6.0692e-19    1.8548e-07    1.3664e-194    3.8664e-05    4.5375e-16    5.1751e-02    1.3562e-13    5.8020e-12    7.3679e-04    9.0058e-05    1.3131e-43    1.6040e-41    1.6014e-77    5.8874e-53    1.9868e-52    2.7682e-09    1.5125e-41    1.4122e-12    2.1756e-26    5.3933e-27    2.2820e-05    8.3358e-170    2.7759e-23    2.7880e-25    5.2156e-16    1.5417e-15    9.3712e-03    2.6991e-15    1.4215e-17    4.9674e-17    2.0830e-104    4.4746e-04    8.5612e-05    5.7855e-04    4.8396e-17    1.3671e-04    7.2189e-06    2.7987e-18    6.8118e-21    3.3871e-47    2.6878e-05    6.5771e-15    2.0533e-05    6.9814e-04    8.4596e-84    3.7166e-17    1.3434e-11    4.9057e-185    2.1322e-10    3.7545e-56    6.1393e-09    1.7454e-20    3.4241e-05    1.9719e-04    1.3708e-02
4.8908e-90    1.1909e-100    9.5767e-75    3.5880e-74    2.7943e-203    1.8869e-21    2.3543e-45    8.0283e-64    6.6181e-10    3.5205e-123    7.5203e-13    1.1825e-143    1.0958e-54    8.2807e-57    1.0436e-08    5.7965e-34    2.6344e-06    2.6101e-29    4.5355e-11    8.4367e-06    2.7039e-46    6.3810e-13    3.2116e-05    0.0000e+00    1.7583e-74    1.1537e-12    1.0350e-16    2.3192e-09    1.0623e-54    2.7948e-88    4.8150e-07    4.2267e-11    1.3227e-08    1.5392e-16    7.3362e-82    1.5134e-42    9.2884e-19    3.9270e-294    2.0410e-14    3.7716e-18    8.8345e-06    2.5426e-36    6.8790e-05    1.8456e-10    2.2042e-02    3.6044e-82    1.4690e-88    9.0310e-126    3.1835e-106    5.0482e-97    1.3796e-29    1.3242e-91    4.7103e-35    2.5172e-16    8.9219e-58    4.0838e-06    5.7983e-274    2.1893e-48    1.1015e-45    2.7413e-13    1.1839e-35    1.2236e-12    3.3732e-31    1.4706e-20    1.6004e-06    1.5288e-54    1.8008e-09    1.7760e-13    3.4167e-02    3.1293e-38    3.4922e-09    1.1200e-16    2.2840e-09    9.0995e-38    6.6411e-85    6.7654e-15    4.0859e-14    4.3909e-10    2.8498e-08    1.9013e-127    1.9571e-41    4.0026e-26    2.2857e-281    7.7475e-27    1.2930e-29    2.9237e-08    8.3664e-45    7.6840e-05    4.2962e-17    1.2308e-10
3.0989e-04    1.1839e-11    5.1912e-11    8.7259e-05    8.8545e-16    2.1575e-21    3.6121e-04    1.7991e-04    4.9134e-65    2.6824e-08    3.4393e-78    6.5955e-17    9.4845e-06    8.4352e-09    1.5833e-88    1.4143e-35    2.7005e-43    4.7042e-11    1.4919e-134    2.4775e-136    0.0000e+00    4.0692e-35    1.8292e-37    1.7583e-74    0.0000e+00    4.8484e-24    7.8117e-23    4.1325e-145    6.6730e-03    3.5192e-03    9.0567e-42    1.0573e-26    4.3173e-39    1.3300e-27    2.5157e-16    2.6679e-10    8.0798e-43    1.5264e-46    4.2032e-27    2.6515e-71    1.8836e-37    7.5152e-08    1.6553e-101    6.7571e-41    1.7128e-68    5.7306e-06    6.0869e-09    4.7470e-16    8.4912e-09    7.8561e-06    1.0367e-23    3.9761e-14    7.9542e-10    3.2211e-149    8.7862e-04    5.1562e-53    1.4375e-40    1.0572e-06    1.2449e-13    5.7259e-90    1.0574e-26    1.0325e-28    1.2498e-15    9.5735e-66    1.1982e-109    0.0000e+00    4.5514e-44    3.1233e-25    1.0679e-62    1.0628e-03    3.6883e-50    1.2445e-16    6.7922e-119    2.0627e-21    2.8885e-02    9.2794e-19    1.2014e-93    2.2706e-46    8.7943e-41    8.3405e-32    4.7166e-07    2.2022e-46    2.6587e-57    4.9007e-13    1.4011e-256    3.5029e-74    2.2883e-07    2.1455e-67    6.1568e-18    4.0093e-24
1.2133e-31    3.0268e-34    2.7723e-34    7.1789e-22    2.0558e-92    1.9835e-02    1.1047e-10    3.2252e-24    2.4065e-17    1.2384e-49    7.2625e-23    3.9056e-63    2.5743e-16    2.0045e-23    9.5141e-20    1.2539e-17    6.0906e-04    1.6965e-05    5.1372e-31    8.8848e-32    2.9170e-124    5.8332e-08    2.9299e-03    1.1537e-12    4.8484e-24    0.0000e+00    8.0298e-08    3.0376e-33    2.2046e-17    8.3458e-30    1.1293e-02    4.3605e-02    1.0344e-03    2.5045e-09    8.9486e-44    8.4631e-12    1.7623e-05    1.0478e-148    6.0891e-03    1.3090e-19    1.6297e-05    4.0033e-08    6.2447e-19    3.0499e-04    1.1932e-11    4.1108e-30    1.4265e-26    4.1641e-60    4.4935e-36    2.0963e-39    6.6621e-06    2.2441e-27    6.5630e-08    1.5374e-32    7.8706e-19    2.7244e-13    4.1383e-132    3.4047e-15    9.8988e-23    3.2393e-24    1.0701e-16    4.0697e-02    2.5420e-08    1.3662e-16    2.6520e-32    6.4453e-156    3.0642e-06    4.8099e-07    1.9009e-08    7.9598e-10    3.3631e-04    2.9011e-04    5.9951e-27    1.9328e-13    3.2804e-32    1.7338e-03    4.8221e-16    1.1864e-04    3.4791e-09    1.0931e-67    2.4192e-08    4.8010e-08    4.3014e-141    2.5950e-04    5.6681e-72    6.2991e-13    3.3975e-14    1.4648e-07    6.9331e-02    5.1725e-03
4.4359e-38    1.0203e-55    7.0072e-27    1.6617e-33    2.9295e-77    3.7015e-11    3.1434e-17    3.6465e-14    2.8214e-16    7.7114e-45    5.6950e-21    3.0318e-70    1.7042e-15    2.9914e-10    1.0044e-26    1.0656e-08    9.5147e-11    1.6307e-05    1.6250e-44    1.9686e-41    2.7776e-134    7.9642e-05    3.8388e-06    1.0350e-16    7.8117e-23    8.0298e-08    0.0000e+00    7.4143e-50    9.8693e-20    1.0344e-22    5.9774e-11    1.0552e-04    1.4679e-08    7.2764e-02    6.1444e-37    7.6613e-08    1.0804e-20    5.6623e-153    4.5435e-08    1.8215e-28    2.5329e-05    1.2246e-12    3.1445e-30    7.1985e-11    1.2319e-14    7.0718e-38    3.2501e-45    1.0866e-49    1.3391e-51    9.4437e-36    2.5196e-15    4.8490e-53    9.8653e-12    3.1222e-61    9.1072e-18    4.3742e-08    3.9628e-137    4.2594e-13    4.0605e-09    7.5839e-28    2.9378e-04    1.9985e-08    2.5020e-14    1.4312e-26    3.2827e-27    7.9643e-143    7.3227e-11    1.8073e-01    1.3670e-15    6.4251e-10    3.0261e-17    1.2696e-05    5.3620e-40    1.2895e-22    6.4589e-32    2.4501e-04    7.0987e-38    5.6207e-16    3.7903e-05    5.9289e-54    8.3595e-13    1.9650e-28    6.8541e-164    2.9812e-09    2.6310e-108    9.6571e-25    2.7673e-20    6.4146e-20    1.7836e-06    7.9736e-03
2.4076e-148    4.1755e-140    2.0665e-130    5.7785e-121    0.0000e+00    1.2630e-43    1.4640e-83    2.1288e-134    2.5822e-29    3.6282e-223    7.8959e-30    3.0434e-214    1.6220e-103    4.9161e-125    1.8427e-10    4.0517e-92    2.0754e-20    3.3436e-70    1.9066e-13    2.0308e-02    9.9062e-21    1.6482e-43    2.7418e-22    2.3192e-09    4.1325e-145    3.0376e-33    7.4143e-50    0.0000e+00    1.8989e-97    2.1455e-185    9.6222e-20    5.8467e-34    7.0291e-26    2.7113e-51    2.9942e-127    4.6313e-97    1.3354e-25    0.0000e+00    7.7799e-33    1.2344e-31    1.1319e-25    3.4660e-70    4.3146e-05    9.8259e-25    5.1579e-10    3.8843e-127    2.4422e-131    7.7994e-213    6.5140e-165    5.0439e-170    7.6715e-57    1.7397e-120    4.9803e-71    6.0231e-20    1.5615e-112    4.0106e-25    0.0000e+00    1.2723e-94    4.2058e-101    1.4555e-19    5.4519e-95    5.9436e-32    7.0185e-55    7.6371e-33    2.2748e-09    1.6141e-28    5.9711e-28    2.1469e-44    3.6157e-13    1.5293e-82    3.6168e-18    3.0954e-46    3.4272e-03    2.3689e-60    7.4419e-157    2.9786e-45    1.4958e-20    3.0320e-26    4.7087e-32    3.4166e-211    2.7581e-83    4.4396e-29    0.0000e+00    1.2495e-56    2.2754e-12    7.4494e-21    1.2194e-75    1.4464e-11    9.7594e-44    1.6221e-36
2.4280e-03    7.3185e-10    1.7327e-08    2.6890e-04    5.9504e-19    2.0493e-15    2.2136e-03    3.4369e-05    1.5739e-57    6.3792e-11    1.4815e-69    3.0528e-14    1.3922e-02    8.1566e-10    7.3566e-67    7.9460e-39    9.4182e-33    5.3971e-10    1.1108e-84    2.4072e-95    1.1967e-253    4.6503e-32    5.0005e-27    1.0623e-54    6.6730e-03    2.2046e-17    9.8693e-20    1.8989e-97    0.0000e+00    3.1653e-08    1.4087e-27    1.7905e-20    1.4942e-30    1.0625e-23    2.5602e-11    2.2943e-11    1.4606e-26    7.1110e-53    1.4900e-16    1.5063e-64    7.5205e-30    2.4813e-05    5.4254e-69    3.0213e-30    6.0653e-50    2.1006e-03    2.3983e-07    2.5644e-14    4.2549e-09    1.6595e-05    1.0722e-19    3.6794e-11    5.3984e-08    9.0006e-100    7.1097e-04    2.6598e-43    6.8113e-40    1.9947e-03    3.3415e-14    7.7603e-74    2.3642e-28    6.0497e-22    3.8111e-08    7.1997e-37    6.8680e-89    9.2528e-300    1.2045e-36    1.3381e-22    5.3616e-45    5.2632e-05    7.0151e-32    5.6698e-15    1.1535e-83    6.1127e-10    9.3910e-06    7.3229e-18    3.7071e-57    5.2395e-30    7.2429e-34    1.0417e-29    9.5612e-06    6.3901e-28    1.5936e-60    2.4732e-09    2.0302e-180    6.8074e-49    3.5887e-05    2.6654e-43    2.6704e-14    2.6385e-18
1.0466e-10    5.0777e-17    5.9963e-20    1.3228e-08    1.4956e-24    1.6771e-26    1.7188e-06    1.2773e-04    2.7442e-64    4.0108e-08    5.2948e-78    2.4103e-26    6.8678e-11    5.1631e-08    5.0300e-103    1.0686e-27    9.2991e-50    1.4712e-12    4.4843e-181    6.9132e-170    0.0000e+00    1.4029e-32    1.6297e-43    2.7948e-88    3.5192e-03    8.3458e-30    1.0344e-22    2.1455e-185    3.1653e-08    0.0000e+00    1.0473e-53    2.6935e-31    1.1528e-45    1.8569e-26    4.1100e-25    1.7525e-11    1.7351e-57    1.1604e-61    2.7919e-37    1.4151e-71    4.4152e-40    1.3891e-09    1.1786e-129    1.3434e-48    1.2309e-80    1.3246e-13    4.4945e-14    5.1155e-27    2.5330e-12    4.2676e-09    5.9634e-25    1.3177e-18    4.8551e-10    1.7602e-200    1.4192e-04    5.3711e-55    1.6280e-56    4.4567e-13    3.5878e-12    6.4090e-98    6.6021e-21    1.4748e-32    2.2685e-26    6.2195e-97    1.4415e-119    0.0000e+00    9.6705e-47    1.5738e-23    1.8248e-75    5.9311e-04    7.0610e-67    9.1438e-16    2.2269e-147    6.6269e-37    2.6698e-03    2.6571e-18    8.5617e-132    3.9388e-62    9.9425e-41    9.9704e-46    6.3730e-11    3.4724e-64    8.6489e-75    1.9686e-18    0.0000e+00    1.2517e-96    4.7337e-09    5.6823e-89    6.1115e-20    4.8845e-27
6.2674e-48    4.5577e-48    3.8748e-46    5.2149e-35    3.7235e-136    4.5873e-05    9.8609e-20    3.3096e-39    4.2966e-15    2.2500e-77    3.1135e-18    6.1824e-85    1.9055e-27    1.4795e-37    7.5638e-12    1.2530e-26    2.8617e-02    5.8713e-13    2.2023e-20    2.0776e-19    1.1992e-93    4.7230e-10    2.4140e-02    4.8150e-07    9.0567e-42    1.1293e-02    5.9774e-11    9.6222e-20    1.4087e-27    1.0473e-53    0.0000e+00    2.6951e-03    6.0138e-03    1.2655e-12    1.4541e-54    1.1428e-22    2.0958e-03    6.7845e-200    3.5291e-03    1.1600e-17    1.2874e-04    1.9547e-15    2.9546e-09    6.2374e-03    1.0161e-05    1.6798e-42    2.0944e-40    8.3344e-82    1.5990e-54    3.5226e-58    1.8447e-10    5.1072e-39    2.3848e-15    6.2227e-21    6.8809e-32    4.5443e-10    1.7364e-177    1.0054e-24    7.2875e-33    6.8362e-17    2.9874e-26    3.6713e-03    1.3293e-11    3.1617e-13    6.8692e-22    3.5252e-122    1.0551e-05    5.2786e-10    5.8771e-05    8.0313e-20    2.3021e-01    9.1304e-09    2.9968e-15    3.1373e-17    4.1576e-52    9.0801e-08    3.9722e-09    4.8683e-04    4.3476e-09    1.2124e-86    3.0968e-17    7.3614e-06    1.6105e-182    6.8540e-09    7.1366e-50    2.3043e-08    7.3571e-22    1.7957e-02    2.0020e-05    8.8658e-05
