0.0000e+00    1.2885e-07    8.7578e-39    1.1671e-67    1.3984e-60    1.4999e-29    1.2047e-53    1.7667e-65    4.0486e-29    6.5130e-32    1.0552e-37    3.8297e-84    6.5107e-19    2.0543e-21    2.7310e-44    1.6612e-29    1.4433e-211    6.4249e-153    3.3842e-23    1.5247e-34    0.0000e+00    4.4982e-265    3.4868e-16    4.1248e-14    3.6225e-87    6.2249e-134    3.4758e-147    9.2310e-171    0.0000e+00    0.0000e+00    2.8523e-160    9.0496e-107    7.0501e-104    3.2615e-156    0.0000e+00    3.3794e-205    0.0000e+00    0.0000e+00    0.0000e+00    0.0000e+00    0.0000e+00    0.0000e+00    2.0236e-149    4.5836e-295    7.0089e-53    2.7835e-64    0.0000e+00    0.0000e+00    1.5213e-15    1.4224e-58    2.0037e-42    5.0266e-54    1.7169e-54    1.0468e-49    0.0000e+00    0.0000e+00    3.0044e-07    8.1946e-02    6.9137e-09    1.2658e-10    4.1207e-48    1.8245e-63    3.8931e-42    2.3910e-141    2.9776e-76    4.2033e-57    2.7287e-117    2.1111e-182    1.0695e-20    3.1291e-27    9.4213e-75    1.1367e-66    0.0000e+00    0.0000e+00    5.8479e-08    4.4739e-18    0.0000e+00    3.2402e-249    4.4083e-187    5.0104e-209    1.1476e-108    5.2559e-146    2.7032e-88    5.1235e-102    9.6070e-79    9.4728e-123    3.7047e-239    3.0518e-222    7.5639e-135    2.0395e-93
1.2885e-07    0.0000e+00    9.3893e-14    2.6695e-24    1.8493e-22    4.7175e-08    9.8107e-19    7.1612e-24    3.2114e-08    1.2696e-08    1.5607e-12    9.3223e-31    5.0375e-04    4.2236e-12    1.0331e-14    1.0847e-07    1.8124e-95    6.3052e-68    7.6865e-08    8.2183e-12    3.5061e-190    2.9605e-138    1.0017e-03    8.1627e-03    2.5768e-33    1.8967e-53    3.2613e-76    1.8776e-91    6.7080e-198    1.0949e-254    7.0939e-75    1.5130e-47    4.3753e-40    1.9267e-63    5.2958e-190    1.5067e-85    5.7567e-270    9.3155e-171    0.0000e+00    4.5885e-239    0.0000e+00    0.0000e+00    7.5434e-67    8.4645e-132    9.1231e-18    9.0871e-24    5.9264e-179    2.4250e-156    2.5316e-02    5.2232e-22    5.0281e-13    2.3645e-19    4.2593e-19    5.5886e-17    3.8973e-292    9.3534e-232    4.2265e-03    7.4610e-06    1.1683e-02    1.3442e-01    1.4439e-17    1.8808e-21    1.9706e-13    9.9327e-56    1.6445e-32    5.4580e-21    5.1351e-45    1.3996e-78    2.8165e-08    1.3467e-10    5.7693e-29    3.7244e-25    2.3677e-155    4.3984e-158    1.1831e-16    1.2085e-29    6.2826e-172    1.3217e-106    1.5172e-91    1.8921e-100    2.4715e-43    4.1063e-61    5.2496e-32    2.9388e-40    1.8187e-34    4.1702e-51    2.2798e-104    1.7189e-96    3.0425e-56    2.6864e-39
8.7578e-39    9.3893e-14    0.0000e+00    2.4338e-04    1.2767e-23    2.5559e-15    3.3825e-04    6.9220e-03    2.7913e-19    2.6767e-10    1.3069e-01    8.9841e-09    6.9179e-05    7.2643e-07    1.5988e-18    6.8580e-09    6.1003e-48    2.1990e-35    2.5600e-30    3.1850e-24    1.6800e-119    7.8567e-96    6.7325e-14    1.7661e-16    1.8760e-19    2.0206e-27    7.3855e-65    4.4345e-78    3.8608e-80    2.1282e-95    3.8685e-50    6.8702e-44    1.9426e-15    5.6413e-18    3.7702e-62    8.9379e-25    2.0155e-113    6.1887e-61    1.9423e-140    1.8603e-121    0.0000e+00    0.0000e+00    1.4781e-33    6.0371e-43    6.4443e-21    1.4839e-23    3.1216e-71    1.9889e-58    8.2598e-13    1.3215e-23    4.9205e-13    1.4654e-16    2.2455e-23    3.2984e-14    2.9555e-104    2.3665e-75    3.9997e-32    2.5408e-39    7.0282e-22    8.0682e-19    3.9750e-24    8.3669e-16    2.1987e-13    3.2513e-14    6.1614e-24    1.1169e-22    7.6304e-20    3.9014e-35    1.3446e-34    1.5679e-29    2.7134e-16    2.2986e-07    2.1142e-39    2.3486e-38    1.9742e-29    1.8530e-31    3.1038e-50    1.2191e-31    6.2079e-47    5.8835e-58    1.6909e-26    2.2280e-30    1.0677e-11    3.2120e-12    1.5688e-28    4.9907e-23    1.2585e-38    1.0493e-34    7.3365e-31    4.6505e-26
1.1671e-67    2.6695e-24    2.4338e-04    0.0000e+00    2.4182e-17    6.1167e-16    1.5683e-01    2.6297e-01    1.4681e-20    1.8150e-10    3.7536e-06    3.1634e-03    4.0326e-10    1.8205e-15    2.3320e-14    2.6913e-11    3.6661e-28    6.7191e-19    4.5248e-41    1.5128e-24    5.2263e-84    2.2781e-63    3.8660e-22    2.4964e-25    4.5425e-11    3.3306e-16    1.1443e-41    5.5526e-53    2.1542e-57    4.3378e-72    1.0027e-28    4.7228e-26    2.0147e-05    1.1850e-08    1.8165e-47    1.6096e-19    3.5018e-91    9.0795e-49    3.2910e-113    6.0749e-90    0.0000e+00    1.7976e-319    7.2690e-18    1.1191e-27    1.9365e-15    1.2705e-15    2.3549e-50    4.5098e-39    7.7318e-18    7.0543e-16    2.8994e-09    9.1487e-10    1.0118e-18    1.7304e-09    4.0426e-82    4.4425e-57    3.0817e-51    4.9585e-66    2.6105e-34    1.7072e-30    1.6142e-18    1.1482e-10    3.6644e-10    1.2272e-11    8.5264e-14    5.8006e-14    1.3727e-10    1.2715e-19    2.5563e-47    6.6956e-31    1.2033e-11    1.1602e-06    3.9817e-30    1.0648e-30    6.2815e-51    6.4041e-51    6.4711e-39    1.7963e-21    2.2805e-26    7.4797e-34    1.9756e-15    3.1919e-15    1.4908e-05    2.1719e-04    2.6131e-16    3.1552e-10    1.6286e-23    5.1136e-20    3.9372e-17    6.1356e-14
1.3984e-60    1.8493e-22    1.2767e-23    2.4182e-17    0.0000e+00    1.6962e-04    8.1167e-15    5.3765e-22    1.6736e-08    3.2048e-08    6.9870e-23    8.6509e-16    1.2442e-15    1.7221e-48    4.3944e-04    4.5711e-10    1.0317e-25    7.9877e-17    1.2878e-21    1.3747e-08    1.8676e-72    2.4275e-48    6.6859e-17    1.5984e-19    3.1828e-05    1.3517e-08    8.8975e-21    1.1076e-25    1.7994e-72    1.0988e-98    1.0519e-18    2.4881e-09    1.9831e-11    4.1836e-20    3.5658e-64    3.6581e-27    1.4191e-93    9.0375e-56    2.7518e-137    1.7732e-78    0.0000e+00    5.5409e-297    1.7711e-16    1.9445e-47    8.7376e-04    6.8073e-02    9.1245e-57    1.9467e-51    1.2600e-14    2.3860e-02    3.4510e-05    1.6726e-05    1.5707e-02    1.2054e-04    5.7333e-109    2.1642e-84    2.1851e-32    7.5260e-55    2.6193e-21    6.3131e-24    1.5206e-03    5.0606e-02    9.0818e-04    1.1940e-22    1.1399e-07    5.6972e-06    3.8996e-07    2.7259e-18    2.0301e-25    1.3132e-08    9.1707e-11    3.2668e-17    3.2737e-67    6.1686e-71    2.7737e-72    1.4213e-90    1.1909e-59    8.4161e-35    1.8740e-34    7.0843e-33    2.9391e-07    4.9911e-13    7.3482e-07    8.1039e-14    1.0474e-08    1.1677e-12    2.9507e-29    1.4541e-30    4.6514e-10    2.4458e-06
1.4999e-29    4.7175e-08    2.5559e-15    6.1167e-16    1.6962e-04    0.0000e+00    4.2326e-12    2.6578e-18    2.2187e-02    1.2897e-03    1.3463e-14    1.4680e-17    1.3555e-06    6.9209e-29    1.6679e-03    2.0311e-04    5.9006e-49    3.3420e-33    2.2418e-07    7.8821e-04    6.3249e-113    1.8367e-77    1.5550e-05    1.8350e-06    4.1237e-12    5.4756e-22    1.0122e-36    5.1031e-45    1.7167e-117    3.6070e-155    4.3932e-36    5.3547e-19    1.2237e-18    9.4829e-33    2.8300e-108    3.7367e-46    5.7801e-152    5.0040e-94    1.6022e-213    3.6108e-133    0.0000e+00    0.0000e+00    4.8395e-32    1.4250e-76    1.2256e-04    6.2726e-06    8.1384e-99    6.5013e-88    1.3939e-04    1.8135e-05    1.2366e-03    2.0151e-06    4.0851e-04    8.6744e-05    8.5904e-172    2.2873e-136    8.4965e-12    5.3274e-25    4.1409e-07    9.4479e-08    5.1589e-04    2.2278e-05    1.1145e-02    2.9383e-32    6.7755e-13    4.6059e-07    4.3633e-18    6.5338e-38    5.2582e-10    7.1863e-04    2.5049e-14    5.0318e-17    9.0129e-97    1.3031e-99    1.0391e-42    1.7687e-60    2.8831e-98    1.1721e-58    6.6449e-53    3.2903e-55    5.4800e-17    1.1591e-27    6.4613e-13    5.3849e-20    4.9902e-14    7.1847e-24    1.5229e-54    9.5828e-53    1.7792e-23    1.1857e-14
1.2047e-53    9.8107e-19    3.3825e-04    1.5683e-01    8.1167e-15    4.2326e-12    0.0000e+00    2.9384e-02    1.3072e-15    5.7243e-08    8.7458e-06    7.1331e-04    1.3432e-07    1.1779e-14    1.3245e-11    2.1551e-09    1.6265e-31    1.3720e-20    3.5171e-31    2.5291e-20    4.7990e-89    6.9079e-65    8.4362e-18    3.2504e-20    1.1650e-11    7.3098e-18    3.3936e-39    2.1951e-50    2.6117e-66    1.1729e-80    5.2771e-29    4.9632e-24    5.3023e-06    7.2577e-10    3.0298e-51    6.6182e-21    3.2499e-89    6.1426e-48    2.2423e-114    1.4247e-91    0.0000e+00    6.3481e-316    2.6083e-19    2.2226e-33    9.1629e-14    2.7280e-13    1.6603e-53    1.7774e-43    1.5598e-13    1.3401e-12    1.5367e-06    4.5019e-07    8.9502e-16    1.0311e-06    1.7843e-84    2.6139e-62    6.7034e-39    5.0903e-51    1.3251e-26    7.8747e-23    2.8445e-14    9.7691e-10    3.7894e-07    5.4101e-14    1.0494e-10    3.3862e-11    6.0595e-12    1.5365e-21    1.2755e-37    8.9753e-24    1.4243e-10    1.4532e-06    1.4276e-34    3.2751e-34    6.2500e-44    3.0778e-47    4.4868e-41    5.8403e-24    3.0176e-29    9.6892e-37    1.4911e-15    1.0204e-16    1.6854e-05    3.8359e-05    4.1579e-13    1.9035e-11    3.5363e-26    1.0920e-24    7.0793e-17    1.3489e-12
1.7667e-65    7.1612e-24    6.9220e-03    2.6297e-01    5.3765e-22    2.6578e-18    2.9384e-02    0.0000e+00    4.8306e-23    2.3669e-11    2.6204e-04    7.9222e-04    4.0973e-09    7.2245e-12    2.9220e-17    6.6463e-11    3.7244e-34    1.4436e-24    4.6728e-43    3.3048e-27    3.6120e-97    1.8602e-76    8.1118e-22    7.4808e-25    4.2590e-14    4.8335e-20    3.4960e-52    2.3289e-65    9.9029e-61    6.7873e-73    3.2668e-37    9.8798e-34    4.7786e-08    1.4358e-09    6.7979e-47    2.9524e-19    7.0926e-95    2.9869e-49    1.2922e-114    3.6258e-98    0.0000e+00    0.0000e+00    2.1544e-23    1.2722e-29    1.7187e-18    5.7143e-20    1.1153e-53    4.3452e-42    3.8356e-18    6.0890e-21    2.6731e-12    8.0493e-14    2.0981e-22    7.8550e-13    4.8801e-82    6.2979e-56    3.7519e-52    4.9118e-65    4.5417e-35    9.9575e-31    2.1084e-23    2.0737e-13    3.7806e-13    1.8410e-11    1.8522e-19    3.4235e-18    1.4835e-13    6.0729e-24    1.1807e-48    1.3416e-35    8.4017e-15    2.7214e-07    9.2032e-28    1.6849e-27    3.2738e-46    2.7527e-45    1.6823e-37    3.6671e-22    1.3100e-32    1.4858e-41    5.0367e-19    6.0841e-20    1.8208e-07    3.2011e-06    2.5800e-22    5.3081e-15    6.5931e-27    1.4568e-23    4.5179e-22    1.4278e-19
4.0486e-29    3.2114e-08    2.7913e-19    1.4681e-20    1.6736e-08    2.2187e-02    1.3072e-15    4.8306e-23    0.0000e+00    7.8090e-03    4.1766e-19    8.2707e-22    2.2112e-09    1.7855e-27    7.4746e-03    1.2516e-04    1.3922e-63    3.6063e-42    2.5529e-03    1.1999e-01    9.4964e-141    2.7358e-92    1.0930e-04    1.6678e-04    2.0939e-15    3.2318e-32    1.6051e-39    3.1081e-50    3.1910e-160    2.2539e-209    1.4581e-43    1.9932e-20    6.8854e-25    9.8393e-46    1.2303e-153    6.2055e-71    3.8726e-201    1.8007e-132    8.7445e-278    5.4606e-176    0.0000e+00    0.0000e+00    1.6400e-41    9.4141e-106    4.7270e-05    3.8611e-08    2.3168e-135    7.5993e-120    7.6935e-04    1.4203e-07    4.7187e-04    3.2327e-07    9.5651e-09    1.4969e-05    1.3694e-225    7.6177e-187    2.9539e-10    2.1863e-24    4.8424e-08    6.7094e-06    3.5615e-04    3.4940e-09    8.0134e-05    2.6571e-51    7.7281e-16    1.3538e-06    1.9899e-27    6.8988e-52    2.7599e-06    1.9098e-06    9.9084e-25    4.0101e-27    2.4982e-132    3.6622e-135    3.8819e-44    8.0086e-64    2.7465e-139    1.6279e-86    1.1256e-61    1.2825e-65    5.2905e-22    7.7797e-37    7.9326e-20    3.6735e-26    2.6065e-15    1.3050e-32    2.1159e-77    2.5318e-74    1.4442e-32    6.2770e-19
6.5130e-32    1.2696e-08    2.6767e-10    1.8150e-10    3.2048e-08    1.2897e-03    5.7243e-08    2.3669e-11    7.8090e-03    0.0000e+00    7.6038e-10    2.9782e-09    1.4185e-06    2.5240e-15    1.0916e-02    9.8635e-02    7.0008e-44    1.8935e-29    2.9266e-07    2.0980e-04    5.2413e-113    2.9478e-79    6.1665e-05    9.1546e-06    4.1054e-09    4.3233e-20    2.6875e-37    2.4265e-48    3.7553e-104    1.1488e-131    2.9486e-35    6.4933e-19    7.0693e-14    3.3853e-23    1.3731e-88    8.0437e-39    1.4870e-125    1.3137e-76    1.2939e-173    1.7266e-117    0.0000e+00    0.0000e+00    8.4936e-30    2.1971e-65    1.0186e-04    6.1043e-07    1.9822e-83    1.3327e-74    3.7472e-04    3.2019e-07    6.6884e-03    1.1432e-05    1.4767e-08    1.0981e-03    7.4585e-137    3.2115e-110    1.2392e-14    7.7704e-29    1.8438e-11    1.3237e-07    3.0667e-05    1.0757e-05    2.6242e-04    1.1139e-29    4.2982e-13    1.8983e-06    1.4722e-15    2.4922e-32    4.4211e-11    1.5544e-10    8.4391e-19    1.0933e-17    1.1267e-74    5.9674e-75    3.9734e-42    3.7297e-56    1.2072e-78    9.9341e-50    7.4977e-47    4.1481e-50    1.3089e-13    5.4044e-24    1.4882e-09    1.4886e-13    1.3725e-13    1.1907e-22    3.7597e-47    6.0807e-48    2.5251e-21    5.3625e-15
1.0552e-37    1.5607e-12    1.3069e-01    3.7536e-06    6.9870e-23    1.3463e-14    8.7458e-06    2.6204e-04    4.1766e-19    7.6038e-10    0.0000e+00    4.5070e-09    2.9806e-03    1.4472e-05    9.0847e-18    1.7748e-07    1.3615e-50    1.0243e-38    3.3492e-31    5.9623e-24    9.0152e-124    3.4255e-101    2.4626e-13    3.2966e-15    2.9290e-20    1.8473e-27    1.0208e-68    1.0152e-82    5.4137e-80    2.0068e-92    2.6874e-53    2.1411e-44    7.1878e-17    6.6585e-18    3.3958e-55    1.9285e-20    9.4115e-96    6.8232e-50    7.8575e-122    6.4749e-113    0.0000e+00    0.0000e+00    1.0342e-37    3.4926e-44    1.9260e-19    1.0152e-22    1.4529e-67    4.7693e-58    5.8038e-11    9.1593e-24    5.9405e-14    7.8082e-18    1.1147e-20    8.4369e-16    1.7066e-91    3.7592e-69    1.1710e-31    2.2329e-38    5.5479e-21    2.7489e-18    2.8915e-24    3.6961e-15    1.0552e-13    9.4469e-13    5.8342e-27    1.2593e-22    7.0993e-20    4.4141e-36    3.7602e-34    1.8749e-27    8.2016e-16    5.7089e-07    9.1343e-36    4.1285e-33    1.3416e-27    3.9033e-30    6.8520e-43    8.8798e-29    8.9143e-54    1.6872e-62    7.2880e-26    3.9522e-32    7.6151e-12    3.7758e-14    4.6216e-31    2.0535e-26    2.7968e-38    2.4140e-37    4.9837e-31    7.0562e-29
3.8297e-84    9.3223e-31    8.9841e-09    3.1634e-03    8.6509e-16    1.4680e-17    7.1331e-04    7.9222e-04    8.2707e-22    2.9782e-09    4.5070e-09    0.0000e+00    6.4213e-13    2.9713e-18    1.4164e-11    2.1875e-09    5.4850e-23    8.4816e-16    8.5233e-47    2.0387e-24    9.4158e-80    1.6204e-59    7.7220e-26    2.7026e-28    4.6764e-07    7.5301e-12    5.1798e-36    3.3396e-48    4.3041e-52    9.9758e-62    1.1839e-24    1.5019e-19    1.4041e-03    2.6637e-04    4.6418e-35    5.0567e-15    1.2283e-59    9.1149e-32    1.7376e-77    8.7100e-68    8.4142e-245    1.1142e-238    1.0817e-16    1.1403e-25    1.4010e-11    1.2306e-11    4.4931e-38    1.1259e-31    1.0884e-19    1.4306e-14    1.4232e-10    2.4101e-10    3.5167e-16    3.2261e-10    7.0920e-55    6.8507e-43    1.5465e-62    1.5618e-82    9.3407e-43    2.2880e-37    5.8881e-18    2.5613e-08    1.3963e-11    9.5946e-14    4.3665e-15    3.4790e-11    3.3638e-07    5.9770e-14    3.6995e-52    8.7148e-34    1.3431e-15    1.3182e-11    8.2268e-24    1.2408e-22    1.5001e-64    3.8859e-66    4.5701e-27    1.0173e-17    1.2924e-25    2.8873e-29    9.7186e-09    2.6406e-11    3.0613e-03    7.6607e-03    1.7980e-15    2.5519e-11    1.2305e-18    1.7653e-20    4.3623e-12    2.4925e-13
6.5107e-19    5.0375e-04    6.9179e-05    4.0326e-10    1.2442e-15    1.3555e-06    1.3432e-07    4.0973e-09    2.2112e-09    1.4185e-06    2.9806e-03    6.4213e-13    0.0000e+00    4.4602e-09    4.2785e-12    1.9308e-05    5.9347e-57    7.9431e-43    4.3246e-15    1.0816e-13    9.1115e-129    1.1204e-99    2.0280e-06    8.6466e-07    8.5079e-21    7.3013e-29    8.0757e-61    9.5455e-74    1.6387e-99    6.9884e-117    2.5091e-51    1.0889e-35    2.6738e-19    2.4964e-24    4.2053e-71    6.4903e-28    6.4906e-107    4.0817e-58    8.1811e-145    5.7295e-118    0.0000e+00    0.0000e+00    1.1508e-41    3.5268e-60    2.2978e-13    1.8908e-16    1.8165e-78    4.2385e-72    5.6768e-04    3.2751e-16    8.4150e-09    5.3567e-13    5.4530e-12    1.5492e-11    8.7626e-115    1.1863e-90    1.1445e-12    2.4458e-17    1.5195e-07    1.0645e-06    6.5187e-15    3.7526e-12    3.7721e-08    3.7475e-19    2.3119e-22    1.6558e-15    1.9528e-22    1.9263e-41    4.0099e-17    4.7372e-12    1.6766e-13    5.8030e-09    1.0653e-55    4.0383e-53    1.9040e-20    2.0543e-29    2.9986e-58    3.1036e-38    1.2285e-61    2.1703e-67    3.9441e-25    2.1170e-34    1.0101e-13    9.5478e-19    5.5695e-25    3.6336e-29    6.8306e-47    2.7025e-48    7.0052e-30    5.4174e-26
2.0543e-21    4.2236e-12    7.2643e-07    1.8205e-15    1.7221e-48    6.9209e-29    1.1779e-14    7.2245e-12    1.7855e-27    2.5240e-15    1.4472e-05    2.9713e-18    4.4602e-09    0.0000e+00    9.9511e-29    1.7200e-12    1.5515e-83    2.7662e-64    4.0173e-28    8.2290e-36    4.8815e-192    1.4277e-160    3.4866e-13    2.3216e-14    2.5858e-36    7.8436e-55    3.2713e-111    1.1709e-133    6.1383e-125    4.4479e-140    1.0878e-91    1.2152e-80    8.6245e-34    4.0900e-35    7.0300e-96    1.0657e-44    1.1650e-161    4.4860e-94    5.1828e-193    1.8892e-186    0.0000e+00    0.0000e+00    2.6512e-64    1.0714e-74    1.7738e-37    8.4468e-46    2.0197e-116    3.6021e-96    2.1894e-13    4.0817e-46    3.0271e-25    5.3272e-31    1.0153e-47    1.0805e-27    1.1413e-143    3.3890e-112    4.7696e-24    1.0149e-23    3.4982e-24    2.3718e-13    5.9280e-42    1.8032e-33    7.0052e-28    1.5021e-33    8.2055e-47    1.9307e-42    2.6997e-40    1.1185e-62    1.7258e-34    2.3755e-50    2.7363e-39    2.9230e-20    2.9366e-61    5.9058e-57    1.8460e-17    2.9173e-21    1.2737e-77    4.4433e-58    8.3043e-79    8.3959e-96    1.1972e-46    9.7290e-59    2.1886e-27    8.6615e-28    6.7917e-54    1.3019e-50    2.2509e-70    5.3236e-67    7.0719e-62    6.5907e-54
2.7310e-44    1.0331e-14    1.5988e-18    2.3320e-14    4.3944e-04    1.6679e-03    1.3245e-11    2.9220e-17    7.4746e-03    1.0916e-02    9.0847e-18    1.4164e-11    4.2785e-12    9.9511e-29    0.0000e+00    7.2863e-05    3.7544e-36    2.0991e-23    1.1368e-09    2.7284e-03    9.1991e-96    3.4148e-63    1.2367e-09    2.0365e-10    2.1456e-06    2.0008e-15    3.4500e-25    4.1840e-34    1.2213e-97    1.9978e-128    3.1647e-25    1.2623e-09    1.8032e-12    1.2278e-23    6.9839e-89    2.0551e-40    9.9374e-130    2.5075e-79    8.9679e-182    1.0604e-106    0.0000e+00    0.0000e+00    3.6491e-24    2.8784e-64    8.5630e-02    1.2810e-02    8.4412e-79    7.0102e-71    1.8393e-07    6.7254e-03    3.1283e-02    1.4611e-03    4.6118e-05    1.3939e-02    6.9100e-144    6.6373e-112    1.5992e-20    6.3799e-39    8.6097e-16    5.2704e-13    1.2460e-01    1.1238e-03    1.8556e-03    2.7331e-32    5.0196e-09    1.0309e-02    1.5293e-12    6.2960e-27    5.9214e-14    2.5236e-08    1.4402e-17    7.6147e-21    1.8999e-82    3.5357e-85    9.5547e-58    4.6101e-75    1.7281e-82    5.3275e-50    9.2577e-41    2.1794e-40    4.6259e-09    2.3277e-18    3.9792e-09    2.6382e-14    1.5869e-08    8.1282e-19    1.2301e-43    1.5750e-44    5.8695e-16    8.1961e-10
1.6612e-29    1.0847e-07    6.8580e-09    2.6913e-11    4.5711e-10    2.0311e-04    2.1551e-09    6.6463e-11    1.2516e-04    9.8635e-02    1.7748e-07    2.1875e-09    1.9308e-05    1.7200e-12    7.2863e-05    0.0000e+00    7.6761e-46    1.7005e-33    1.4941e-08    1.5153e-05    2.2792e-117    1.4329e-87    1.2567e-03    7.3922e-05    9.6052e-11    5.1135e-20    6.8183e-46    3.0509e-57    5.7097e-95    4.5200e-115    1.8352e-41    1.0839e-24    5.7616e-16    7.6266e-21    3.4269e-71    6.0419e-30    5.9227e-103    1.6837e-59    1.1400e-143    8.2010e-105    0.0000e+00    0.0000e+00    7.5337e-34    8.8731e-60    3.6847e-06    1.6741e-09    1.1931e-72    1.0240e-67    2.7720e-04    1.1162e-10    9.9265e-06    9.6640e-10    5.1424e-09    5.8387e-07    3.7906e-113    9.2221e-91    1.5691e-14    1.5774e-27    1.9463e-10    1.4314e-07    9.2100e-09    1.4749e-06    1.2190e-06    1.5255e-24    1.4816e-18    1.6031e-10    1.5933e-15    1.4561e-32    3.9030e-11    3.5501e-12    2.7821e-19    1.1789e-16    9.4809e-61    2.2850e-59    8.8446e-39    1.2379e-51    9.6749e-62    1.4237e-41    2.3801e-53    9.1886e-56    1.1346e-14    2.5452e-26    7.8094e-10    1.2464e-14    7.7268e-20    2.9209e-26    1.4849e-43    1.0299e-46    7.2387e-23    1.2314e-19
1.4433e-211    1.8124e-95    6.1003e-48    3.6661e-28    1.0317e-25    5.9006e-49    1.6265e-31    3.7244e-34    1.3922e-63    7.0008e-44    1.3615e-50    5.4850e-23    5.9347e-57    1.5515e-83    3.7544e-36    7.6761e-46    0.0000e+00    4.2667e-03    6.9940e-123    6.7987e-61    2.2740e-16    3.8312e-09    2.6338e-81    7.7591e-90    2.8580e-14    6.3680e-08    1.0831e-12    3.0982e-15    1.1579e-16    4.2832e-26    4.0559e-04    4.2687e-13    1.1479e-12    9.9621e-13    4.8074e-20    2.4381e-22    7.2563e-29    9.0056e-25    9.0693e-37    1.2890e-16    5.7080e-130    4.3185e-106    4.7170e-04    7.8630e-11    1.3959e-30    1.7107e-22    3.6915e-10    1.8972e-07    5.1615e-71    2.5030e-27    2.7307e-37    1.0870e-30    1.3641e-31    6.7714e-33    9.9953e-27    2.7845e-21    4.2077e-160    1.2224e-208    1.6688e-110    7.8452e-113    1.8072e-39    2.0530e-22    9.0267e-36    9.6171e-28    4.1437e-24    9.6975e-29    1.4099e-09    1.4175e-02    5.9431e-130    1.0379e-68    2.3130e-29    1.9367e-36    2.8263e-27    7.5137e-32    1.1342e-167    6.8182e-160    1.1451e-21    5.7270e-17    8.7849e-07    2.8275e-03    2.6527e-12    3.2700e-04    1.0903e-15    1.3726e-14    1.5857e-22    3.4008e-08    2.2214e-05    8.6152e-07    3.5818e-07    2.2154e-13
6.4249e-153    6.3052e-68    2.1990e-35    6.7191e-19    7.9877e-17    3.3420e-33    1.3720e-20    1.4436e-24    3.6063e-42    1.8935e-29    1.0243e-38    8.4816e-16    7.9431e-43    2.7662e-64    2.0991e-23    1.7005e-33    4.2667e-03    0.0000e+00    8.6083e-82    1.5280e-41    3.3752e-25    1.2502e-12    1.1593e-57    1.7389e-64    5.9573e-09    8.7341e-07    2.4731e-07    1.9292e-10    2.4387e-29    2.9974e-45    2.4642e-02    6.7788e-08    1.4168e-07    3.5205e-11    3.0030e-35    6.6172e-25    2.0232e-59    2.2643e-40    8.2248e-79    9.6039e-38    7.6071e-232    5.4970e-185    1.5073e-01    2.2622e-17    1.1241e-21    1.6053e-14    4.0877e-24    1.6709e-17    2.4274e-50    1.6569e-15    3.6815e-22    4.7123e-17    1.1261e-23    1.9212e-18    5.2699e-58    1.8794e-41    6.1243e-110    1.9512e-148    3.6071e-78    6.7297e-78    2.7129e-23    3.5251e-15    1.3446e-22    2.5828e-25    2.6339e-11    5.3459e-18    7.0800e-07    2.1011e-03    2.4722e-90    1.1722e-46    7.8725e-22    7.2413e-28    8.4219e-37    5.0014e-42    6.5614e-132    4.9386e-131    7.5969e-36    6.5403e-22    2.5052e-05    2.3970e-04    2.8609e-09    1.0225e-02    4.5918e-10    3.2274e-09    4.3822e-11    8.2238e-04    7.8728e-10    3.9179e-09    1.6087e-05    8.9134e-06
3.3842e-23    7.6865e-08    2.5600e-30    4.5248e-41    1.2878e-21    2.2418e-07    3.5171e-31    4.6728e-43    2.5529e-03    2.9266e-07    3.3492e-31    8.5233e-47    4.3246e-15    4.0173e-28    1.1368e-09    1.4941e-08    6.9940e-123    8.6083e-82    0.0000e+00    3.8515e-03    3.6749e-239    1.8786e-153    1.3293e-03    7.6601e-03    9.4571e-36    6.2970e-71    4.5176e-64    2.2527e-78    9.8183e-305    0.0000e+00    5.0980e-82    1.5833e-41    6.8768e-56    5.3973e-98    1.8255e-309    1.2501e-148    0.0000e+00    2.9589e-270    0.0000e+00    0.0000e+00    0.0000e+00    0.0000e+00    7.8247e-80    9.8208e-207    3.5136e-15    5.8613e-22    2.3352e-268    9.0855e-235    1.7918e-05    2.0214e-19    3.9601e-13    3.0093e-19    2.6495e-22    1.8277e-15    0.0000e+00    0.0000e+00    1.3596e-06    7.2744e-20    6.2634e-07    1.2625e-04    5.2590e-12    3.8190e-25    1.4744e-14    3.7434e-105    1.6345e-32    5.5920e-18    1.5152e-62    1.6570e-106    3.0650e-02    3.6882e-10    4.7866e-51    1.6285e-52    1.3508e-258    5.2942e-264    4.8635e-42    5.2418e-63    7.9143e-283    1.9505e-179    1.1034e-106    7.4275e-118    3.2000e-50    4.6099e-78    1.2162e-46    1.3160e-55    4.1704e-31    1.3212e-67    4.8887e-158    3.5624e-147    3.6005e-71    3.2704e-40
1.5247e-34    8.2183e-12    3.1850e-24    1.5128e-24    1.3747e-08    7.8821e-04    2.5291e-20    3.3048e-27    1.1999e-01    2.0980e-04    5.9623e-24    2.0387e-24    1.0816e-13    8.2290e-36    2.7284e-03    1.5153e-05    6.7987e-61    1.5280e-41    3.8515e-03    0.0000e+00    1.5828e-135    1.8833e-90    1.0806e-05    8.2447e-06    4.7762e-14    1.1303e-29    1.1762e-38    1.2536e-48    1.4837e-154    1.3286e-207    3.4858e-43    1.2596e-19    9.7412e-27    7.9864e-48    3.6880e-156    2.2732e-73    3.7791e-222    4.4233e-143    6.8731e-304    1.2296e-176    0.0000e+00    0.0000e+00    1.3210e-41    7.3398e-107    1.5973e-04    2.8299e-08    1.4488e-136    1.0577e-120    1.2417e-06    9.5952e-09    2.3578e-06    5.3939e-10    4.2590e-09    1.2043e-07    8.5230e-245    8.8727e-192    1.1555e-12    1.3505e-29    1.6430e-10    1.0543e-08    2.9914e-05    4.3940e-09    1.9115e-07    7.4046e-53    5.4770e-19    2.8260e-08    3.0301e-26    1.1055e-50    2.2649e-05    1.1891e-08    2.0935e-28    5.3344e-32    3.4746e-141    2.3853e-147    1.2339e-53    1.6856e-76    3.3016e-147    1.2530e-89    9.0609e-63    4.0889e-64    1.5361e-20    6.0210e-36    3.7517e-21    7.9938e-29    4.1082e-18    2.9517e-34    1.5775e-78    6.1567e-74    5.5310e-33    3.2194e-20
0.0000e+00    3.5061e-190    1.6800e-119    5.2263e-84    1.8676e-72    6.3249e-113    4.7990e-89    3.6120e-97    9.4964e-141    5.2413e-113    9.0152e-124    9.4158e-80    9.1115e-129    4.8815e-192    9.1991e-96    2.2792e-117    2.2740e-16    3.3752e-25    3.6749e-239    1.5828e-135    0.0000e+00    2.2188e-06    3.4978e-171    7.6216e-186    7.5110e-58    2.2309e-41    7.7602e-37    2.5706e-34    1.4955e-13    7.1569e-23    2.7232e-24    4.2897e-51    1.2672e-52    2.7041e-53    6.7965e-39    7.5253e-58    1.3659e-60    1.9038e-59    2.3317e-58    4.4481e-27    3.7627e-151    4.7789e-107    4.1040e-25    1.5262e-25    3.0567e-86    1.0665e-70    3.8179e-24    1.4487e-17    3.3131e-153    1.4994e-75    3.6656e-95    1.0113e-81    6.1154e-83    3.8469e-88    5.9461e-47    5.9331e-35    3.6928e-292    0.0000e+00    2.8937e-208    1.4524e-221    1.0517e-96    2.8304e-70    6.6797e-90    8.2462e-66    2.3493e-64    4.2791e-81    1.4572e-45    2.8598e-26    5.3575e-250    1.6971e-139    1.5965e-66    9.4211e-83    7.4146e-64    9.5510e-76    1.3807e-296    6.5309e-279    3.0077e-48    3.1005e-43    8.9100e-21    3.4388e-15    3.1914e-54    3.7341e-32    6.4782e-60    8.6566e-60    4.9919e-63    4.4271e-35    9.4251e-25    9.4480e-22    7.7854e-40    8.4414e-48
4.4982e-265    2.9605e-138    7.8567e-96    2.2781e-63    2.4275e-48    1.8367e-77    6.9079e-65    1.8602e-76    2.7358e-92    2.9478e-79    3.4255e-101    1.6204e-59    1.1204e-99    1.4277e-160    3.4148e-63    1.4329e-87    3.8312e-09    1.2502e-12    1.8786e-153    1.8833e-90    2.2188e-06    0.0000e+00    1.1697e-121    1.2712e-132    1.0593e-37    9.5670e-29    1.1331e-14    9.0770e-13    1.0401e-24    5.4116e-38    7.5963e-10    9.3940e-29    8.4304e-35    1.1680e-39    2.9924e-45    6.0151e-53    1.1361e-63    2.6518e-58    6.5677e-70    3.5025e-33    3.3726e-188    3.9673e-139    6.4634e-12    1.0940e-26    3.9329e-60    3.0826e-46    1.4397e-26    2.9497e-19    9.3116e-111    3.7939e-47    2.1949e-61    4.6696e-50    1.1917e-60    2.2480e-54    1.7942e-54    6.3279e-44    5.9154e-197    3.0932e-255    1.0908e-145    3.6141e-152    3.7946e-60    7.2336e-49    5.7016e-59    5.9731e-59    6.2825e-35    4.2332e-52    1.0843e-31    1.0207e-16    2.2139e-167    6.6024e-96    2.0981e-51    2.1190e-67    5.3075e-65    1.8097e-75    4.4889e-234    5.3970e-236    1.1249e-50    1.8910e-40    8.8919e-09    1.9152e-05    2.4764e-35    1.1264e-18    3.7340e-42    4.3272e-41    2.2904e-34    2.1198e-20    1.1899e-20    6.9430e-19    1.0964e-24    2.2466e-25
3.4868e-16    1.0017e-03    6.7325e-14    3.8660e-22    6.6859e-17    1.5550e-05    8.4362e-18    8.1118e-22    1.0930e-04    6.1665e-05    2.4626e-13    7.7220e-26    2.0280e-06    3.4866e-13    1.2367e-09    1.2567e-03    2.6338e-81    1.1593e-57    1.3293e-03    1.0806e-05    3.4978e-171    1.1697e-121    0.0000e+00    2.6451e-01    9.2715e-24    9.2971e-43    3.8240e-63    2.1967e-75    3.4969e-179    1.9348e-232    4.7337e-64    8.5467e-39    1.0795e-34    6.3846e-55    2.1162e-172    1.9980e-78    6.9431e-241    1.2829e-154    0.0000e+00    2.0075e-211    0.0000e+00    0.0000e+00    4.6598e-56    3.1879e-119    2.6304e-12    3.6895e-18    7.8058e-159    1.0991e-139    2.6765e-03    6.6530e-18    2.2815e-10    1.6243e-16    8.7794e-16    8.8159e-13    1.8471e-262    8.0939e-210    1.1929e-05    2.0113e-14    2.4579e-04    1.8220e-02    1.3117e-13    9.5261e-16    7.2723e-11    1.6224e-53    1.8140e-28    1.3385e-17    3.0730e-36    9.3564e-67    9.0212e-05    8.2070e-12    2.5885e-30    1.1300e-27    1.2868e-142    3.0448e-145    1.2327e-28    1.7526e-43    5.6937e-157    3.6497e-98    7.6481e-80    5.3040e-87    2.7128e-33    5.5840e-51    1.4234e-26    3.3519e-33    4.5866e-30    1.0816e-44    6.3465e-93    1.5301e-86    3.9647e-47    6.9153e-32
4.1248e-14    8.1627e-03    1.7661e-16    2.4964e-25    1.5984e-19    1.8350e-06    3.2504e-20    7.4808e-25    1.6678e-04    9.1546e-06    3.2966e-15    2.7026e-28    8.6466e-07    2.3216e-14    2.0365e-10    7.3922e-05    7.7591e-90    1.7389e-64    7.6601e-03    8.2447e-06    7.6216e-186    1.2712e-132    2.6451e-01    0.0000e+00    1.1881e-27    2.9228e-48    3.2232e-68    4.9190e-83    7.4429e-193    9.2504e-245    3.9023e-70    1.8810e-40    6.3301e-38    4.6142e-59    2.8313e-179    3.7451e-83    1.8502e-241    1.8891e-156    0.0000e+00    9.1437e-219    0.0000e+00    0.0000e+00    6.8033e-64    2.0761e-129    6.0158e-13    8.4159e-20    1.3268e-166    4.5638e-149    2.0639e-02    1.7862e-19    2.7493e-11    1.0505e-17    5.8712e-17    1.2798e-14    1.1898e-265    1.3898e-217    4.4309e-04    6.3706e-12    1.0421e-03    2.1456e-01    3.1374e-14    3.4932e-18    2.2234e-12    1.3818e-58    1.8153e-31    1.5765e-17    2.3298e-41    1.7434e-73    1.0023e-03    3.1389e-11    1.3393e-33    7.6112e-31    3.1930e-149    2.3385e-150    1.0822e-26    1.2238e-42    8.4732e-162    7.0380e-104    1.7295e-88    5.4667e-95    1.6652e-36    1.9318e-56    4.8561e-30    1.4988e-37    6.4357e-32    9.8117e-51    2.2649e-100    2.1493e-96    4.3682e-51    2.3497e-36
3.6225e-87    2.5768e-33    1.8760e-19    4.5425e-11    3.1828e-05    4.1237e-12    1.1650e-11    4.2590e-14    2.0939e-15    4.1054e-09    2.9290e-20    4.6764e-07    8.5079e-21    2.5858e-36    2.1456e-06    9.6052e-11    2.8580e-14    5.9573e-09    9.4571e-36    4.7762e-14    7.5110e-58    1.0593e-37    9.2715e-24    1.1881e-27    0.0000e+00    1.4068e-03    1.2508e-15    2.1555e-21    2.5639e-51    1.0180e-69    7.3034e-12    8.0787e-06    1.5515e-05    8.8335e-10    1.7484e-44    7.8474e-22    1.8203e-67    3.7929e-41    4.2694e-96    3.9071e-55    2.2289e-267    3.3762e-227    1.0326e-09    2.9731e-31    4.1376e-05    1.1200e-03    4.7562e-37    1.6183e-33    6.1550e-22    4.8744e-06    8.6820e-08    2.5457e-07    1.1330e-08    2.2932e-06    7.3676e-74    1.5834e-56    2.9663e-55    7.6149e-84    2.8109e-38    1.4850e-36    1.5308e-08    5.0006e-03    1.2279e-08    1.0692e-20    2.5753e-09    7.9630e-07    6.2739e-03    2.1492e-09    1.3139e-40    3.9851e-23    5.7533e-17    2.8964e-20    1.1163e-43    4.3560e-46    2.6470e-85    1.1705e-94    6.2729e-42    1.0485e-25    1.4141e-21    3.7583e-20    2.1299e-02    1.1835e-05    7.0677e-04    7.8407e-06    6.5009e-09    2.6993e-08    6.3925e-19    1.4597e-20    1.5620e-05    4.1008e-05
6.2249e-134    1.8967e-53    2.0206e-27    3.3306e-16    1.3517e-08    5.4756e-22    7.3098e-18    4.8335e-20    3.2318e-32    4.3233e-20    1.8473e-27    7.5301e-12    7.3013e-29    7.8436e-55    2.0008e-15    5.1135e-20    6.3680e-08    8.7341e-07    6.2970e-71    1.1303e-29    2.2309e-41    9.5670e-29    9.2971e-43    2.9228e-48    1.4068e-03    0.0000e+00    4.3629e-17    2.2227e-21    4.1487e-31    3.9281e-44    1.8853e-09    5.4473e-08    1.0183e-06    6.9153e-08    7.9760e-24    1.2947e-12    1.1224e-40    5.0736e-23    2.4639e-61    1.6825e-31    2.5600e-191    1.9450e-162    1.9677e-07    5.1351e-19    8.4950e-11    1.8237e-07    2.9187e-19    1.2532e-18    4.9349e-37    4.3160e-12    7.3084e-18    6.1463e-16    7.7524e-11    5.0470e-16    2.0819e-46    4.7466e-33    2.1627e-95    2.2083e-131    3.2694e-62    8.5473e-65    3.7766e-19    5.3277e-06    2.5740e-16    4.9749e-15    5.6797e-16    1.1223e-13    2.1013e-01    2.3807e-04    3.1857e-74    4.5763e-36    9.3404e-16    8.0942e-21    3.5321e-31    2.4108e-34    2.8373e-112    1.2045e-115    1.0969e-23    2.0853e-14    1.9063e-19    1.1231e-15    3.7025e-03    2.0280e-03    4.8472e-05    2.4235e-08    3.1846e-15    2.6687e-07    4.6887e-09    8.6587e-12    2.6780e-03    7.7242e-08
3.4758e-147    3.2613e-76    7.3855e-65    1.1443e-41    8.8975e-21    1.0122e-36    3.3936e-39    3.4960e-52    1.6051e-39    2.6875e-37    1.0208e-68    5.1798e-36    8.0757e-61    3.2713e-111    3.4500e-25    6.8183e-46    1.0831e-12    2.4731e-07    4.5176e-64    1.1762e-38    7.7602e-37    1.1331e-14    3.8240e-63    3.2232e-68    1.2508e-15    4.3629e-17    0.0000e+00    1.4143e-02    1.0969e-60    1.3397e-86    8.4719e-05    3.9174e-07    1.2234e-19    1.3454e-30    1.0455e-73    5.1204e-53    8.1902e-102    7.7843e-76    2.0770e-134    3.5884e-66    0.0000e+00    3.9321e-258    9.4256e-08    2.4415e-46    8.8202e-27    8.6920e-18    2.4024e-51    3.7544e-42    6.3123e-58    8.3968e-17    2.7364e-26    8.5500e-20    6.1679e-31    8.8421e-21    1.4037e-104    3.1143e-84    8.2832e-95    6.6050e-136    6.6182e-77    3.7047e-76    2.2212e-21    7.1322e-23    2.9801e-27    1.4825e-53    2.6003e-11    2.3572e-20    1.9313e-18    1.1578e-14    2.6691e-75    1.3897e-45    8.5286e-38    1.5035e-51    2.0989e-85    1.3199e-94    1.7096e-158    3.0478e-180    6.1964e-75    9.3190e-51    1.1838e-11    2.3454e-09    1.5664e-15    4.2963e-11    5.3120e-23    7.6591e-25    6.4929e-10    1.0200e-13    1.5583e-29    1.0504e-29    1.8707e-13    6.6893e-08
9.2310e-171    1.8776e-91    4.4345e-78    5.5526e-53    1.1076e-25    5.1031e-45    2.1951e-50    2.3289e-65    3.1081e-50    2.4265e-48    1.0152e-82    3.3396e-48    9.5455e-74    1.1709e-133    4.1840e-34    3.0509e-57    3.0982e-15    1.9292e-10    2.2527e-78    1.2536e-48    2.5706e-34    9.0770e-13    2.1967e-75    4.9190e-83    2.1555e-21    2.2227e-21    1.4143e-02    0.0000e+00    8.1455e-65    1.6432e-94    3.4102e-07    7.6337e-14    2.3572e-28    1.8157e-40    2.7567e-84    6.5778e-62    1.9445e-114    5.2089e-88    1.3855e-149    1.2442e-73    0.0000e+00    5.4346e-278    1.6541e-09    1.0402e-51    5.9267e-36    1.2914e-24    3.4045e-58    1.9183e-47    3.8067e-72    1.5061e-23    1.3401e-35    2.5461e-28    1.1281e-38    1.8586e-28    2.9431e-118    1.9955e-95    6.9227e-112    4.9696e-159    1.5838e-89    2.8331e-92    2.1625e-29    7.9319e-30    2.1220e-35    3.9471e-62    9.2645e-17    1.5553e-30    9.7015e-24    3.0437e-19    6.3588e-90    3.5320e-54    1.3245e-44    4.2626e-61    1.1605e-98    6.1913e-110    4.6663e-184    3.8533e-206    1.3073e-86    1.0780e-59    9.4690e-14    7.7915e-12    2.9713e-22    4.2067e-16    1.3057e-30    7.5014e-33    7.3461e-17    8.3051e-18    1.0947e-34    4.8717e-33    3.4245e-19    1.0904e-11
0.0000e+00    6.7080e-198    3.8608e-80    2.1542e-57    1.7994e-72    1.7167e-117    2.6117e-66    9.9029e-61    3.1910e-160    3.7553e-104    5.4137e-80    4.3041e-52    1.6387e-99    6.1383e-125    1.2213e-97    5.7097e-95    1.1579e-16    2.4387e-29    9.8183e-305    1.4837e-154    1.4955e-13    1.0401e-24    3.4969e-179    7.4429e-193    2.5639e-51    4.1487e-31    1.0969e-60    8.1455e-65    0.0000e+00    1.7636e-03    1.9644e-32    1.4349e-54    1.0714e-39    2.8909e-31    2.6250e-11    1.0755e-28    6.7879e-35    4.6574e-30    1.6117e-30    1.0163e-13    6.2000e-103    1.8084e-78    8.3401e-30    6.5934e-08    3.8204e-78    4.9368e-66    6.4873e-09    2.4389e-06    5.5142e-150    6.1402e-85    5.1715e-104    1.3074e-92    2.9815e-69    3.8903e-99    3.1385e-23    1.2785e-08    0.0000e+00    0.0000e+00    1.6236e-240    7.4642e-253    1.8919e-116    1.1606e-60    5.1558e-93    1.8780e-34    1.2557e-84    2.0092e-80    1.0724e-33    2.9431e-20    1.6030e-303    2.3093e-160    1.5282e-53    7.1403e-57    1.7152e-21    5.7055e-28    1.1159e-270    2.0058e-219    2.4013e-18    1.0882e-18    3.4734e-30    6.6443e-24    1.7475e-44    1.0314e-27    4.1409e-44    3.8845e-43    7.8596e-79    6.3503e-35    3.1576e-13    3.6634e-11    5.4442e-34    5.0950e-57
0.0000e+00    1.0949e-254    2.1282e-95    4.3378e-72    1.0988e-98    3.6070e-155    1.1729e-80    6.7873e-73    2.2539e-209    1.1488e-131    2.0068e-92    9.9758e-62    6.9884e-117    4.4479e-140    1.9978e-128    4.5200e-115    4.2832e-26    2.9974e-45    0.0000e+00    1.3286e-207    7.1569e-23    5.4116e-38    1.9348e-232    9.2504e-245    1.0180e-69    3.9281e-44    1.3397e-86    1.6432e-94    1.7636e-03    0.0000e+00    3.1827e-47    1.7762e-72    6.1310e-51    3.1776e-37    1.6397e-10    6.5001e-34    2.4178e-29    2.1431e-29    4.2974e-19    8.8232e-13    6.5015e-69    1.5956e-54    1.7084e-46    3.1705e-11    2.3418e-101    2.0127e-84    1.7570e-09    2.6633e-08    1.7886e-189    1.5655e-117    1.3022e-142    1.3719e-126    5.0713e-87    2.7623e-134    4.3973e-15    6.1587e-05    0.0000e+00    0.0000e+00    1.7265e-313    0.0000e+00    6.2026e-161    1.1534e-80    6.7683e-124    2.5837e-43    8.6262e-119    3.2255e-104    4.9211e-47    1.0072e-28    0.0000e+00    4.6400e-212    2.4591e-71    2.3582e-71    3.6753e-20    1.0628e-25    9.2919e-316    5.9100e-249    4.0383e-17    3.3789e-22    2.3352e-43    2.0415e-35    3.9857e-56    7.0624e-40    1.7219e-55    6.7523e-53    3.6066e-109    5.6518e-52    1.5536e-18    5.6031e-19    3.7914e-44    4.4947e-82
2.8523e-160    7.0939e-75    3.8685e-50    1.0027e-28    1.0519e-18    4.3932e-36    5.2771e-29    3.2668e-37    1.4581e-43    2.9486e-35    2.6874e-53    1.1839e-24    2.5091e-51    1.0878e-91    3.1647e-25    1.8352e-41    4.0559e-04    2.4642e-02    5.0980e-82    3.4858e-43    2.7232e-24    7.5963e-10    4.7337e-64    3.9023e-70    7.3034e-12    1.8853e-09    8.4719e-05    3.4102e-07    1.9644e-32    3.1827e-47    0.0000e+00    7.8601e-07    5.1157e-11    1.5262e-16    7.5545e-38    1.8000e-30    4.5103e-58    1.3663e-41    7.9533e-76    1.4126e-35    5.6046e-221    2.7259e-172    7.3400e-03    2.4655e-22    6.2666e-24    1.0203e-15    2.9290e-24    4.9562e-19    1.5203e-55    1.0801e-16    1.9203e-24    3.9215e-18    2.2048e-26    1.6165e-20    4.3698e-57    4.7480e-43    8.6889e-112    2.5965e-152    2.3937e-81    3.0206e-82    7.2341e-24    2.1124e-18    1.0139e-24    1.6535e-33    1.9438e-11    9.8531e-19    3.5838e-10    4.2983e-05    1.8091e-91    1.9780e-48    1.8390e-25    1.2455e-35    5.8071e-48    1.7773e-54    4.5557e-147    2.4576e-155    1.1808e-38    1.6878e-25    4.3798e-06    2.5017e-03    1.7255e-10    1.0847e-03    5.8954e-15    2.6130e-15    1.0935e-10    8.6533e-06    5.1074e-12    6.0324e-13    1.1071e-06    4.2936e-06
