0.0000e+00    1.6273e-03    6.5756e-06    1.0900e-05    1.9925e-22    3.1597e-15    7.0895e-13    4.0382e-10    7.8147e-16    4.0564e-36    4.0359e-13    2.5320e-20    1.0108e-05    5.0227e-08    1.4785e-25    6.3383e-14    1.5383e-34    2.1667e-37    1.5788e-09    6.7862e-24    3.5820e-122    1.7871e-105    4.0579e-05    1.3365e-04    4.5105e-44    5.6569e-66    1.2052e-50    1.6634e-42    8.1829e-62    2.8907e-55    1.7976e-78    1.2734e-51    5.7106e-26    8.4432e-22    2.3589e-12    2.5520e-04    5.8268e-41    9.8018e-24    2.8505e-55    1.3194e-72    1.1051e-252    2.1097e-321    3.5229e-40    3.8485e-26    5.3389e-09    2.1013e-14    2.0831e-33    2.5710e-37    5.8947e-08    9.8487e-13    5.4945e-30    2.8335e-21    6.9464e-26    8.4299e-06    2.2584e-47    1.4474e-30    7.9661e-37    2.6478e-04    1.3449e-20    8.6868e-39    3.3942e-05    1.5334e-11    3.8452e-11    1.0010e-06    8.9587e-12    4.3677e-12    3.6971e-06    5.3519e-10    1.1300e-11    5.0278e-34    1.5297e-32    1.4249e-18    3.7380e-76    1.0078e-73    1.8692e-13    1.2705e-23    9.2693e-08    1.9672e-08    6.4530e-26    1.3741e-32    3.8593e-16    2.0308e-06    4.9439e-03    9.5501e-07    3.4616e-20    1.1561e-15    1.7993e-05    6.1476e-10    1.5337e-18    4.4240e-15
1.6273e-03    0.0000e+00    1.8874e-05    9.4214e-03    1.8462e-33    1.0873e-27    3.8542e-23    6.0401e-14    1.3234e-22    3.9290e-62    2.2659e-20    2.3639e-28    1.9260e-05    1.4739e-04    1.3042e-30    4.2379e-19    1.1291e-39    7.0427e-52    2.3708e-08    1.0618e-16    1.5770e-152    7.8060e-128    1.5988e-02    4.7810e-03    3.8984e-63    5.5111e-98    6.8472e-59    6.2116e-47    2.8322e-93    1.7613e-81    1.6063e-106    1.6421e-69    3.1891e-36    9.2113e-30    1.4408e-15    1.6888e-08    1.7463e-67    1.8428e-48    8.5758e-75    9.2575e-94    0.0000e+00    0.0000e+00    7.1831e-59    2.4245e-44    2.6838e-17    2.9639e-22    4.0803e-42    5.4810e-50    3.3567e-09    8.3613e-11    3.3054e-50    1.5771e-38    2.1176e-35    1.3925e-06    7.5651e-67    1.2259e-43    6.6746e-28    2.5178e-03    1.7314e-16    4.5234e-21    5.6534e-04    5.4993e-10    8.8205e-13    1.9717e-12    4.4463e-14    1.8539e-18    3.7870e-09    6.9589e-18    5.5392e-17    6.0141e-36    1.1901e-61    2.3468e-38    4.4158e-132    4.2702e-127    4.5653e-08    2.4153e-18    9.2405e-14    3.2613e-11    2.5998e-23    1.9274e-36    5.4571e-17    1.2752e-09    6.6243e-04    2.3915e-06    4.8740e-39    7.1263e-28    2.4777e-05    3.9744e-07    2.6585e-25    2.9292e-25
6.5756e-06    1.8874e-05    0.0000e+00    2.8355e-02    1.4148e-46    1.0268e-33    1.1225e-10    9.7532e-06    8.9064e-24    5.8255e-32    8.6629e-13    5.1666e-20    1.8966e-07    2.1832e-02    9.7973e-34    1.0910e-14    4.7467e-42    8.2393e-44    1.8498e-17    7.4643e-37    2.5246e-161    5.5897e-150    1.0060e-03    1.1472e-02    5.4140e-45    9.6611e-77    2.4811e-82    1.1097e-65    3.9228e-65    1.1202e-57    6.9617e-107    5.7009e-66    1.9970e-27    5.7551e-23    3.2806e-22    1.1418e-13    1.1811e-70    1.3273e-36    4.1781e-79    1.0403e-138    5.1953e-318    0.0000e+00    3.2210e-43    1.1393e-23    4.7370e-23    5.5979e-30    2.4016e-37    8.9491e-43    1.7549e-21    4.2717e-27    3.9020e-31    1.5856e-20    2.7251e-41    6.9122e-13    6.9076e-49    8.5562e-33    2.4910e-54    2.4419e-10    1.6370e-30    1.6832e-44    1.0866e-10    9.1513e-10    3.0009e-18    2.2496e-11    3.3948e-16    2.8091e-16    2.7725e-12    4.2571e-20    1.4485e-23    8.2116e-64    2.3571e-41    2.0757e-23    4.0489e-52    1.4415e-48    1.0663e-16    3.9709e-24    3.1374e-17    1.3407e-19    3.5946e-25    3.1831e-37    2.2214e-32    9.2674e-20    9.8574e-10    4.8730e-09    1.6430e-27    1.1113e-20    5.2494e-14    1.2680e-14    1.1549e-30    7.5107e-21
1.0900e-05    9.4214e-03    2.8355e-02    0.0000e+00    1.9299e-49    1.9401e-36    6.7488e-19    3.8823e-11    7.5274e-28    2.1938e-47    1.5553e-19    1.1100e-27    4.3463e-08    7.3357e-02    2.2811e-37    5.2853e-19    1.2628e-45    1.2650e-54    6.0012e-10    2.4271e-21    2.7106e-179    5.2527e-161    6.7505e-02    2.1897e-01    3.0915e-59    2.1451e-96    1.0583e-82    5.8730e-64    4.0919e-86    1.3135e-76    2.1464e-123    6.3719e-78    1.1466e-36    1.9351e-30    4.6871e-23    2.1276e-14    3.0622e-80    2.8672e-47    2.9274e-89    7.4854e-141    0.0000e+00    0.0000e+00    1.8136e-57    3.1897e-37    4.7371e-25    3.0016e-32    1.0876e-45    4.9132e-53    4.3854e-17    2.7845e-19    8.9494e-45    1.8828e-32    3.0702e-46    1.2127e-11    1.3812e-63    3.6144e-43    1.4322e-34    6.0405e-07    1.9711e-20    1.9710e-23    4.4819e-08    5.2829e-11    1.5979e-18    1.2375e-15    4.6621e-19    1.4530e-21    9.2832e-13    5.7460e-24    2.5114e-20    3.6039e-55    6.9532e-57    7.2064e-35    4.9203e-84    3.0643e-79    1.6891e-11    4.5055e-20    1.7312e-19    1.5318e-19    2.3035e-25    1.4109e-41    6.6341e-27    1.7230e-16    1.4594e-06    9.8938e-08    8.0302e-38    1.2279e-28    7.2247e-11    9.9164e-12    2.8809e-33    1.4977e-26
1.9925e-22    1.8462e-33    1.4148e-46    1.9299e-49    0.0000e+00    1.9794e-03    1.5716e-21    1.9297e-34    5.1411e-04    2.3205e-21    1.1284e-14    4.1343e-17    5.9649e-15    9.6889e-56    7.6696e-07    3.7457e-10    4.2634e-11    3.4634e-15    1.4611e-47    4.7333e-70    9.1743e-59    2.8630e-37    2.2718e-36    1.3679e-47    3.2504e-19    9.4502e-30    7.0952e-12    1.8621e-12    1.9500e-36    7.6410e-32    3.2933e-28    1.4801e-15    9.9524e-15    1.1741e-13    1.6925e-06    1.2970e-15    5.7065e-07    2.8133e-12    9.9043e-12    2.6508e-09    7.8710e-111    6.2568e-130    1.0390e-22    2.7887e-26    3.6400e-04    1.0041e-01    2.5205e-14    2.0144e-18    8.7415e-32    4.7355e-36    6.5047e-17    6.1881e-18    1.5714e-04    1.5226e-10    4.7135e-27    5.3057e-15    1.3817e-89    8.2745e-35    3.6709e-67    2.8343e-112    7.4944e-17    7.4603e-19    1.2877e-10    1.2320e-11    4.5596e-10    2.8027e-08    2.3745e-09    2.3630e-06    3.7405e-47    2.6828e-58    4.2263e-20    6.4251e-20    5.8172e-72    2.8716e-76    4.5990e-60    1.2450e-90    2.3312e-04    1.2731e-05    2.1234e-17    8.4229e-11    9.9385e-13    9.4048e-14    3.5777e-25    1.6949e-17    4.7414e-10    9.5726e-10    1.6447e-14    7.3604e-16    1.9831e-02    6.2550e-05
3.1597e-15    1.0873e-27    1.0268e-33    1.9401e-36    1.9794e-03    0.0000e+00    1.0645e-17    1.0059e-28    1.3253e-08    2.0443e-18    8.3992e-15    1.0355e-20    7.0322e-13    1.5784e-42    2.1463e-15    7.3142e-12    7.7540e-24    1.0885e-23    7.3080e-37    1.0110e-64    1.3383e-77    4.8824e-56    5.0405e-27    8.2023e-36    4.2610e-26    2.3775e-36    8.0533e-27    1.2443e-23    3.4750e-42    1.3876e-38    1.2637e-39    6.4178e-25    2.7902e-20    4.0997e-19    3.1597e-11    1.3663e-12    3.1618e-06    2.6611e-06    2.1938e-19    2.0770e-16    1.2110e-115    1.4624e-149    7.5393e-30    1.7891e-25    1.6147e-05    1.4168e-04    8.4564e-24    3.6680e-28    5.3678e-23    2.0397e-30    6.5989e-18    4.7206e-16    3.7905e-12    6.7348e-09    1.5588e-34    2.8250e-21    6.5862e-86    1.0631e-26    2.9599e-54    7.2651e-102    4.7627e-15    1.7106e-20    1.7374e-15    1.6415e-10    5.4316e-14    5.4884e-10    1.2294e-11    2.2206e-08    1.2270e-31    1.3273e-53    2.7908e-16    6.4759e-16    1.3495e-49    1.7248e-51    1.6833e-47    9.1644e-70    2.3767e-05    8.2925e-08    6.7785e-26    6.3424e-21    2.2935e-19    1.3328e-09    5.5650e-18    1.4022e-13    7.0805e-09    1.2584e-09    2.3995e-15    3.0500e-20    7.1927e-08    1.2762e-05
7.0895e-13    3.8542e-23    1.1225e-10    6.7488e-19    1.5716e-21    1.0645e-17    0.0000e+00    1.1634e-03    2.9325e-10    3.2722e-08    2.7931e-02    6.9821e-06    1.1188e-09    1.1233e-17    1.8994e-17    8.6076e-07    1.0885e-27    2.2717e-15    1.6498e-46    6.1693e-95    3.0160e-78    6.2768e-72    2.6490e-19    4.4700e-18    1.9300e-16    2.9908e-29    1.6022e-52    3.2106e-52    1.2496e-24    2.3372e-20    5.5056e-43    7.2611e-26    3.9977e-07    2.4177e-07    1.3030e-15    1.8989e-12    1.4271e-28    4.2571e-14    4.4623e-33    1.0769e-69    1.0035e-167    1.7201e-237    2.0694e-14    5.1490e-05    8.7077e-14    4.6597e-16    2.6624e-14    2.2698e-16    1.7699e-35    9.0652e-53    1.7757e-06    1.4971e-02    7.6792e-18    1.7313e-17    6.1497e-17    9.0526e-10    3.0182e-128    3.2142e-27    2.2526e-72    7.2451e-133    1.9060e-22    3.4736e-12    7.4244e-17    7.4338e-04    1.7971e-09    3.0822e-04    2.5449e-13    2.1456e-08    1.3674e-36    1.5325e-83    1.5478e-12    2.5819e-06    6.6770e-21    2.5817e-20    1.0867e-43    1.8704e-52    6.2697e-10    1.6769e-16    2.2227e-27    1.9185e-20    1.0420e-42    2.6458e-25    3.2902e-24    5.9633e-18    3.3691e-06    1.9708e-03    1.2538e-23    1.1377e-26    1.1851e-16    1.4759e-06
4.0382e-10    6.0401e-14    9.7532e-06    3.8823e-11    1.9297e-34    1.0059e-28    1.1634e-03    0.0000e+00    4.4940e-14    4.3957e-20    1.9322e-04    3.2434e-07    1.1290e-08    3.8956e-09    5.3730e-21    1.5149e-08    2.4053e-28    2.1331e-22    1.7245e-34    1.4063e-67    9.0598e-107    5.2484e-101    4.0532e-13    1.2970e-09    1.5774e-25    5.0391e-47    6.9016e-62    1.8403e-57    4.2121e-37    2.8638e-31    6.7105e-68    4.9396e-41    2.2714e-11    3.5017e-09    1.6322e-15    6.1168e-12    1.5756e-52    8.7161e-29    1.3002e-54    3.4751e-108    3.0244e-247    0.0000e+00    5.8380e-21    1.7490e-09    8.0732e-17    2.4156e-22    1.3457e-18    8.7333e-21    4.0446e-32    8.1796e-44    8.1057e-16    1.5005e-09    2.2948e-25    2.8542e-17    1.5542e-24    2.7187e-15    5.5883e-93    1.6113e-19    2.6772e-57    1.4878e-93    1.0342e-17    3.3738e-08    2.5644e-13    5.5121e-06    4.2979e-09    8.3204e-08    4.0824e-10    2.7616e-11    1.1598e-33    3.2470e-75    1.1094e-26    4.8049e-13    1.6135e-44    4.0053e-43    7.8019e-33    1.6056e-41    1.9653e-12    3.2805e-17    2.7893e-23    8.8672e-24    1.3624e-35    2.6194e-25    1.9144e-19    6.1810e-16    8.0403e-16    1.5655e-10    1.9275e-17    3.0297e-18    1.4585e-21    2.6710e-13
7.8147e-16    1.3234e-22    8.9064e-24    7.5274e-28    5.1411e-04    1.3253e-08    2.9325e-10    4.4940e-14    0.0000e+00    9.6431e-17    3.7303e-05    2.5269e-05    1.7051e-08    9.2116e-28    9.6140e-03    6.7427e-03    2.5484e-06    2.1504e-08    2.5662e-41    8.5741e-72    3.4297e-49    1.1293e-31    2.7847e-22    1.7078e-26    7.4878e-13    6.0841e-25    3.7850e-12    8.4759e-16    1.3910e-28    4.4710e-23    9.3579e-24    1.7099e-11    1.1955e-05    5.3557e-04    7.5442e-04    1.7582e-12    8.7949e-14    4.0294e-17    5.9052e-12    6.8405e-19    1.1358e-124    3.8522e-146    1.3086e-13    5.3784e-14    1.9568e-04    1.1672e-02    5.2643e-06    2.4202e-09    1.9270e-34    6.0968e-41    1.7614e-11    4.9597e-11    4.0818e-02    2.9490e-10    5.5806e-17    1.1129e-06    1.0413e-96    1.0671e-28    2.8609e-68    1.7134e-107    1.2943e-14    5.3567e-08    9.6281e-06    1.7568e-05    1.1035e-03    1.4741e-02    1.7546e-04    3.9368e-03    8.5472e-45    1.1697e-68    1.2904e-20    1.1914e-15    8.4049e-64    2.1675e-65    1.3414e-50    6.4709e-73    3.0255e-03    1.3400e-05    9.3125e-11    3.7559e-05    8.6258e-15    9.8187e-17    1.3337e-21    2.6126e-13    3.0961e-08    2.8312e-05    3.6677e-12    1.3025e-11    8.3135e-02    3.4348e-03
4.0564e-36    3.9290e-62    5.8255e-32    2.1938e-47    2.3205e-21    2.0443e-18    3.2722e-08    4.3957e-20    9.6431e-17    0.0000e+00    1.8358e-09    1.9040e-10    2.7448e-26    5.3983e-45    1.1795e-24    6.4760e-12    3.0140e-39    8.0704e-12    1.7927e-91    1.6486e-184    2.6476e-50    4.8014e-48    1.7102e-45    3.0913e-49    1.1576e-07    1.5937e-12    1.5335e-66    2.8178e-69    1.8389e-12    5.6649e-11    1.2997e-22    1.3090e-13    3.6944e-09    3.0075e-13    4.8089e-33    3.4387e-32    5.2425e-14    7.7686e-12    7.1782e-16    2.8388e-48    1.5290e-77    1.9375e-113    3.8776e-11    2.4015e-06    2.2246e-27    3.0995e-24    7.8439e-17    9.7989e-18    1.9353e-70    6.4838e-103    8.1155e-03    1.7404e-04    1.8019e-21    5.4304e-36    1.0254e-09    1.5253e-07    3.4918e-245    5.1853e-66    1.0312e-134    1.0180e-249    3.1407e-52    4.8564e-33    1.2890e-41    3.3519e-16    9.7199e-27    1.9709e-11    9.4957e-37    2.1246e-20    4.0625e-61    4.1092e-146    5.9226e-09    5.3791e-10    7.6774e-13    1.3216e-14    3.1318e-91    2.3428e-100    1.8853e-20    7.1833e-35    1.5948e-46    2.0048e-23    2.4552e-85    5.3549e-47    1.0134e-52    1.0296e-35    2.3814e-05    3.6608e-06    4.5111e-56    4.2947e-63    2.5245e-23    7.1953e-08
4.0359e-13    2.2659e-20    8.6629e-13    1.5553e-19    1.1284e-14    8.3992e-15    2.7931e-02    1.9322e-04    3.7303e-05    1.8358e-09    0.0000e+00    6.2973e-03    3.2376e-07    4.3122e-17    2.8579e-09    3.0458e-03    1.1172e-16    3.9444e-10    6.1863e-44    6.0529e-84    2.7901e-65    1.5872e-53    3.1321e-18    7.0098e-19    2.8307e-12    3.4214e-25    1.9534e-34    1.9412e-36    7.9097e-24    8.1638e-19    3.3017e-33    2.9962e-18    6.0514e-04    2.5184e-03    6.2000e-09    2.8391e-11    8.3108e-23    4.5698e-15    2.3312e-23    4.4217e-52    2.2483e-148    7.7033e-201    7.7458e-12    8.3765e-06    6.9508e-10    1.2886e-10    3.5497e-08    2.6141e-11    1.8407e-35    4.8113e-48    4.6166e-06    1.5614e-03    1.6698e-10    3.2561e-14    1.3883e-14    1.2810e-06    1.5378e-114    6.7781e-26    2.7199e-71    1.5238e-118    5.3122e-18    2.4984e-07    9.2886e-10    2.0721e-03    1.5668e-04    7.8390e-02    1.9969e-08    1.7599e-05    6.7081e-40    9.4455e-77    3.2444e-14    2.1092e-08    4.9457e-32    6.3721e-32    3.4666e-44    8.1852e-58    2.5394e-06    8.5257e-11    5.0687e-18    1.0164e-11    8.0961e-31    4.7985e-23    5.0896e-23    3.8946e-15    3.5085e-06    4.2310e-03    1.6674e-17    9.5873e-18    5.5792e-10    6.5060e-04
2.5320e-20    2.3639e-28    5.1666e-20    1.1100e-27    4.1343e-17    1.0355e-20    6.9821e-06    3.2434e-07    2.5269e-05    1.9040e-10    6.2973e-03    0.0000e+00    1.6929e-13    1.3787e-23    2.3749e-07    3.4143e-04    5.0571e-11    2.5755e-05    4.9050e-54    8.4836e-99    1.3986e-49    2.2162e-41    1.5082e-26    9.0346e-26    8.8928e-09    1.1879e-20    1.0121e-29    1.8613e-35    1.9994e-18    6.9206e-14    1.7934e-26    6.0974e-14    5.0847e-02    4.4071e-01    1.6906e-10    4.3096e-17    1.1727e-25    7.3716e-22    3.7412e-21    8.3896e-52    5.1798e-133    1.9827e-171    1.0833e-06    1.6230e-05    5.0062e-12    1.1202e-12    6.2343e-04    4.9112e-05    3.1470e-48    6.5483e-62    1.6143e-06    1.4052e-06    3.0791e-08    3.7726e-21    1.5586e-08    4.8516e-03    5.4749e-132    2.5266e-36    1.3816e-88    3.3861e-142    1.2961e-25    1.9861e-10    2.3145e-11    1.8462e-07    1.1759e-06    2.4889e-04    3.2429e-10    5.9774e-07    4.1820e-51    7.4587e-91    2.9263e-18    4.4517e-12    4.6491e-41    6.0293e-42    1.1908e-59    1.5886e-75    3.6684e-09    5.4148e-15    6.0901e-18    1.3576e-08    1.0695e-33    8.1225e-31    1.9474e-31    3.1851e-22    6.3534e-09    8.1969e-06    8.2631e-23    6.1313e-22    1.3023e-09    8.3472e-07
1.0108e-05    1.9260e-05    1.8966e-07    4.3463e-08    5.9649e-15    7.0322e-13    1.1188e-09    1.1290e-08    1.7051e-08    2.7448e-26    3.2376e-07    1.6929e-13    0.0000e+00    5.5364e-08    8.1875e-13    2.2192e-06    3.6530e-20    1.2516e-27    6.5748e-20    1.4225e-35    2.0334e-101    5.6131e-77    1.2807e-05    8.3730e-09    2.8394e-32    3.7155e-54    5.5729e-31    2.2337e-26    1.2145e-55    2.5900e-47    8.3599e-60    1.1965e-35    4.4569e-17    1.2232e-13    1.0483e-05    3.9663e-07    8.4173e-32    7.5818e-23    4.8419e-36    1.4575e-51    1.3966e-209    4.6501e-271    3.6268e-34    1.1291e-23    4.9342e-09    1.4817e-09    7.3352e-21    1.5521e-28    4.5889e-17    1.6831e-19    1.0915e-22    3.3130e-16    2.3991e-16    1.2894e-03    1.2103e-38    3.5914e-22    1.9742e-53    3.6636e-10    1.0497e-35    4.4220e-48    1.4325e-03    1.2234e-02    8.2210e-05    8.5047e-05    4.8996e-04    9.1919e-06    1.0694e-03    3.5669e-08    8.7948e-28    2.0410e-47    2.3957e-31    2.4839e-21    1.4928e-60    4.7232e-58    8.8853e-21    9.3265e-37    1.4350e-05    3.2566e-04    5.7811e-11    1.0662e-16    1.8283e-11    8.9901e-10    1.2967e-08    3.8492e-04    2.8947e-17    1.6342e-10    5.8402e-04    7.4555e-03    1.0238e-10    6.2564e-08
5.0227e-08    1.4739e-04    2.1832e-02    7.3357e-02    9.6889e-56    1.5784e-42    1.1233e-17    3.8956e-09    9.2116e-28    5.3983e-45    4.3122e-17    1.3787e-23    5.5364e-08    0.0000e+00    1.3312e-35    4.1910e-17    8.4574e-44    3.9070e-51    1.9858e-15    7.3306e-30    4.6591e-181    2.3430e-165    2.7646e-03    6.7429e-03    9.4298e-56    3.6657e-96    2.8908e-89    1.1298e-70    1.8320e-82    7.5026e-73    2.8805e-127    4.7848e-79    6.3550e-33    8.9780e-27    2.7750e-23    2.1225e-15    1.6346e-87    1.6955e-51    6.4766e-94    5.5891e-161    0.0000e+00    0.0000e+00    2.6019e-53    6.2226e-34    4.2678e-28    2.3215e-36    2.3321e-42    3.1822e-49    2.2380e-24    5.7313e-28    2.8959e-42    7.9974e-31    9.3960e-48    1.5835e-14    9.8485e-59    6.5546e-40    6.7403e-46    2.0080e-10    1.8743e-29    1.7172e-31    7.7487e-11    3.2811e-09    2.7483e-17    1.2074e-16    6.1963e-18    3.0434e-21    3.0226e-13    5.2457e-25    5.4817e-25    4.6400e-66    5.8295e-58    4.1617e-34    2.0687e-80    1.9437e-75    2.5725e-15    4.6092e-24    2.9037e-20    3.4804e-21    1.5019e-23    1.4815e-38    1.1200e-33    3.4280e-23    2.8661e-10    2.2789e-09    2.3063e-39    1.9282e-29    6.0552e-13    3.9580e-12    1.3052e-34    1.9415e-26
1.4785e-25    1.3042e-30    9.7973e-34    2.2811e-37    7.6696e-07    2.1463e-15    1.8994e-17    5.3730e-21    9.6140e-03    1.1795e-24    2.8579e-09    2.3749e-07    8.1875e-13    1.3312e-35    0.0000e+00    2.3258e-05    9.1453e-03    2.0815e-08    1.1890e-52    5.5443e-81    1.5106e-42    1.1725e-21    9.9296e-31    1.3337e-36    1.0357e-14    4.4830e-28    6.9990e-06    1.9694e-12    1.1718e-33    1.1622e-26    1.3234e-21    1.4155e-10    4.6114e-07    2.9288e-05    8.0824e-05    1.5745e-19    9.5836e-20    1.9857e-28    8.1235e-11    2.3502e-17    1.8214e-127    7.7220e-137    2.0516e-16    4.5421e-21    5.5630e-10    1.7477e-06    2.2532e-04    4.2550e-09    2.2938e-46    3.0074e-51    3.5842e-17    3.2363e-18    2.3775e-02    3.7415e-16    2.7378e-18    2.5018e-08    2.0278e-108    1.6479e-38    2.3201e-84    9.1691e-117    1.3618e-20    1.0612e-09    7.9612e-07    1.2575e-11    2.1082e-05    3.9065e-06    1.1089e-08    8.0506e-08    4.0295e-59    1.6327e-79    2.6583e-31    9.2308e-26    1.5432e-85    8.5947e-88    1.6639e-62    1.2736e-89    7.6118e-08    5.7203e-09    2.7205e-08    9.0170e-02    1.4145e-16    9.5811e-25    8.5102e-32    1.4442e-19    9.7394e-16    8.2328e-11    2.8757e-16    1.1266e-12    4.8890e-03    5.5461e-07
6.3383e-14    4.2379e-19    1.0910e-14    5.2853e-19    3.7457e-10    7.3142e-12    8.6076e-07    1.5149e-08    6.7427e-03    6.4760e-12    3.0458e-03    3.4143e-04    2.2192e-06    4.1910e-17    2.3258e-05    0.0000e+00    5.8722e-09    3.8849e-11    6.1849e-38    9.8688e-71    2.2871e-65    1.1506e-47    2.0109e-15    1.8656e-19    1.7373e-12    6.1367e-28    4.7115e-22    3.8374e-21    2.5631e-30    1.2466e-24    5.4320e-33    1.1035e-15    2.5704e-06    3.2210e-04    1.5090e-06    1.6243e-14    4.9451e-20    4.3947e-18    9.8625e-18    4.8599e-37    3.5699e-136    8.3848e-175    9.8020e-16    2.3841e-11    2.5274e-08    1.1316e-06    7.1195e-08    9.9338e-13    5.0341e-36    2.1747e-42    1.1727e-10    7.4681e-09    2.9142e-07    4.1236e-10    1.8724e-18    1.1574e-07    5.0145e-99    1.1593e-26    3.2039e-66    2.0667e-99    1.8034e-13    5.0647e-05    3.1393e-08    6.5430e-06    8.4549e-05    4.6747e-03    1.3445e-05    2.4704e-06    1.3227e-42    9.0974e-77    1.4147e-21    9.8552e-16    3.7642e-45    1.1043e-45    4.5294e-47    5.1792e-66    5.2343e-05    3.5745e-08    6.5230e-09    1.2737e-06    3.1181e-19    1.7136e-18    4.7824e-20    7.6416e-10    3.5335e-09    9.8849e-06    1.3791e-13    1.6253e-11    5.6111e-05    3.2517e-03
1.5383e-34    1.1291e-39    4.7467e-42    1.2628e-45    4.2634e-11    7.7540e-24    1.0885e-27    2.4053e-28    2.5484e-06    3.0140e-39    1.1172e-16    5.0571e-11    3.6530e-20    8.4574e-44    9.1453e-03    5.8722e-09    0.0000e+00    1.8359e-11    3.9185e-62    2.2293e-93    7.5662e-40    9.3657e-19    1.1027e-37    2.9534e-45    2.7485e-19    7.7442e-37    1.8864e-04    3.4834e-10    4.8894e-43    1.7587e-34    4.0949e-25    1.9827e-12    4.7526e-12    7.9289e-09    2.3143e-10    2.6315e-30    1.9429e-30    5.1475e-45    1.9671e-13    4.6126e-15    3.8421e-151    3.7199e-140    1.0705e-20    3.3720e-30    1.2190e-15    2.7974e-10    4.0076e-06    9.8011e-11    1.8786e-59    8.8670e-63    1.6938e-28    9.0006e-31    3.1143e-04    3.1158e-22    2.5052e-23    9.2325e-12    3.1884e-123    2.5654e-50    1.4583e-97    3.3582e-131    3.2707e-27    1.9327e-14    1.3140e-13    2.2353e-19    1.8411e-11    1.1150e-12    1.5131e-13    5.9346e-14    1.3118e-72    1.6276e-97    2.7407e-49    1.0017e-39    1.5766e-127    1.6211e-130    1.1553e-78    1.2784e-108    1.1303e-13    2.0903e-15    5.6473e-08    5.2387e-02    3.0322e-20    4.7429e-32    6.7955e-40    2.4534e-24    6.3812e-27    5.2090e-20    4.3489e-24    2.6725e-18    5.3663e-05    8.8542e-15
2.1667e-37    7.0427e-52    8.2393e-44    1.2650e-54    3.4634e-15    1.0885e-23    2.2717e-15    2.1331e-22    2.1504e-08    8.0704e-12    3.9444e-10    2.5755e-05    1.2516e-27    3.9070e-51    2.0815e-08    3.8849e-11    1.8359e-11    0.0000e+00    7.3467e-83    1.9161e-141    1.0557e-20    8.4201e-14    3.8542e-50    1.6720e-51    5.9781e-04    1.5255e-07    9.7080e-24    1.5590e-36    3.9676e-09    2.9805e-06    2.9158e-06    5.7864e-04    6.6832e-03    5.6314e-04    2.0760e-17    6.4690e-29    1.3621e-16    5.7982e-23    6.1936e-09    2.7661e-30    4.8896e-73    1.4078e-84    1.0254e-02    4.9371e-09    2.3329e-17    1.2708e-15    2.5574e-02    8.3313e-02    7.3833e-69    2.3907e-87    2.3334e-06    1.2223e-10    2.7600e-06    1.0644e-34    2.1520e-03    5.5317e-02    7.4426e-182    3.0889e-59    4.1096e-125    3.1662e-206    3.6249e-43    4.6852e-24    3.7295e-21    1.3944e-16    1.2781e-14    4.6056e-10    3.7907e-21    4.6594e-12    3.3349e-72    5.1113e-113    1.6724e-16    4.1879e-16    1.0457e-48    8.5737e-53    1.6357e-91    3.4571e-112    8.1342e-16    8.3364e-24    1.7771e-28    4.4444e-09    2.0531e-47    8.0932e-45    1.6569e-51    8.9245e-39    5.9265e-10    8.5802e-10    1.1655e-38    1.1659e-38    6.9415e-12    1.1233e-10
1.5788e-09    2.3708e-08    1.8498e-17    6.0012e-10    1.4611e-47    7.3080e-37    1.6498e-46    1.7245e-34    2.5662e-41    1.7927e-91    6.1863e-44    4.9050e-54    6.5748e-20    1.9858e-15    1.1890e-52    6.1849e-38    3.9185e-62    7.3467e-83    0.0000e+00    2.9967e-04    3.2434e-199    1.5197e-166    2.1182e-09    7.2262e-10    5.1817e-98    7.1927e-139    6.1850e-79    6.0799e-60    2.0021e-135    2.9560e-123    3.5665e-148    3.5103e-103    1.1102e-65    5.4138e-56    2.6871e-31    1.0102e-18    8.1249e-87    4.8180e-67    2.8236e-104    1.4933e-107    0.0000e+00    0.0000e+00    1.5413e-93    6.3790e-75    6.3527e-28    2.3989e-35    2.1386e-72    4.6941e-81    1.0545e-07    3.0155e-07    1.4061e-81    7.1564e-67    1.3277e-56    1.1596e-14    7.3138e-103    4.8209e-73    7.5206e-10    1.2296e-06    3.9444e-06    3.1427e-09    3.4505e-11    1.1019e-28    7.4026e-29    2.5629e-30    1.0050e-34    5.4604e-40    5.4330e-21    3.8532e-34    6.8543e-10    7.0409e-31    5.5411e-90    1.0834e-61    4.0078e-176    2.5865e-169    1.1878e-11    8.5856e-21    8.4995e-27    1.9225e-23    4.0399e-43    1.5288e-61    1.2574e-21    1.1878e-09    2.5550e-04    1.1506e-13    5.1453e-62    5.8772e-51    6.9295e-13    5.6019e-20    7.9919e-41    1.8978e-44
6.7862e-24    1.0618e-16    7.4643e-37    2.4271e-21    4.7333e-70    1.0110e-64    6.1693e-95    1.4063e-67    8.5741e-72    1.6486e-184    6.0529e-84    8.4836e-99    1.4225e-35    7.3306e-30    5.5443e-81    9.8688e-71    2.2293e-93    1.9161e-141    2.9967e-04    0.0000e+00    1.1120e-281    5.2182e-215    1.0686e-20    1.4095e-22    3.3487e-176    1.2239e-244    1.3544e-96    4.1825e-73    7.7202e-249    2.6005e-223    9.1903e-227    1.5566e-164    8.8154e-117    1.3643e-99    2.1250e-49    3.1666e-34    3.8573e-145    3.6741e-135    4.1717e-157    3.1355e-119    0.0000e+00    0.0000e+00    6.9684e-170    1.1582e-150    5.1253e-51    3.2119e-58    1.9556e-117    7.0113e-137    1.8226e-07    9.1686e-06    1.8892e-157    1.6187e-134    6.5990e-89    5.8972e-27    1.0812e-182    7.5255e-132    2.6198e-03    4.7430e-10    4.3351e-03    3.7883e-05    5.1528e-20    2.0114e-47    3.4401e-47    1.4062e-58    7.1847e-57    1.0064e-72    2.8069e-41    5.3921e-63    7.9719e-14    1.5432e-20    1.0531e-178    1.5114e-128    0.0000e+00    0.0000e+00    4.2878e-11    4.4476e-18    4.8254e-50    1.1219e-37    6.9652e-64    9.2816e-93    3.4179e-31    2.6083e-17    4.0898e-13    5.3813e-27    6.7644e-125    2.5944e-98    3.9521e-23    1.1769e-31    2.5459e-66    2.7145e-84
3.5820e-122    1.5770e-152    2.5246e-161    2.7106e-179    9.1743e-59    1.3383e-77    3.0160e-78    9.0598e-107    3.4297e-49    2.6476e-50    2.7901e-65    1.3986e-49    2.0334e-101    4.6591e-181    1.5106e-42    2.2871e-65    7.5662e-40    1.0557e-20    3.2434e-199    1.1120e-281    0.0000e+00    3.0146e-09    8.9445e-161    6.8008e-168    5.9462e-27    1.3459e-17    2.2393e-54    2.1772e-83    1.2686e-17    4.5694e-18    3.7778e-11    3.2847e-22    1.8632e-35    5.6324e-42    5.1968e-66    1.2760e-92    2.5348e-54    1.2733e-70    3.3721e-34    6.9456e-67    8.6331e-52    8.5791e-41    2.4708e-21    2.1038e-55    2.3525e-65    2.6610e-61    1.5170e-27    8.4092e-20    2.4028e-160    3.4885e-189    6.5719e-40    1.0970e-57    1.4088e-36    3.0701e-105    7.6595e-18    9.5738e-29    0.0000e+00    6.4492e-161    7.6520e-257    0.0000e+00    1.0129e-124    2.5165e-94    3.6322e-73    7.3197e-74    4.6191e-66    7.5173e-59    2.0073e-78    1.3221e-56    3.1812e-176    1.9825e-203    2.8015e-52    2.6087e-63    1.5354e-113    1.1004e-127    5.9480e-217    4.9485e-262    1.4074e-67    4.1329e-80    6.9168e-83    2.2115e-40    3.4234e-109    1.0193e-116    1.1232e-141    1.1117e-122    1.3970e-49    5.5663e-54    6.3637e-109    4.6956e-110    1.0230e-51    4.3617e-57
1.7871e-105    7.8060e-128    5.5897e-150    5.2527e-161    2.8630e-37    4.8824e-56    6.2768e-72    5.2484e-101    1.1293e-31    4.8014e-48    1.5872e-53    2.2162e-41    5.6131e-77    2.3430e-165    1.1725e-21    1.1506e-47    9.3657e-19    8.4201e-14    1.5197e-166    5.2182e-215    3.0146e-09    0.0000e+00    2.4086e-136    5.7228e-154    1.5963e-20    1.8106e-19    2.7172e-23    1.6758e-44    6.1336e-26    4.1887e-23    5.4602e-09    4.0127e-12    1.8815e-27    7.6250e-32    2.2736e-42    2.5905e-76    1.2517e-41    1.4277e-62    1.8788e-18    4.6681e-41    1.1874e-73    2.4533e-60    4.7901e-22    2.3936e-56    1.0385e-48    3.8348e-41    2.6893e-16    3.5956e-15    1.2584e-132    1.8065e-145    1.5694e-36    5.8430e-53    5.0493e-21    2.3252e-77    4.3965e-19    1.0048e-22    9.5834e-252    1.3476e-134    1.2997e-215    3.8738e-315    3.6139e-93    1.4979e-70    1.5540e-49    2.2224e-61    1.1461e-46    5.3430e-44    6.8881e-59    1.0861e-43    1.0035e-158    7.5637e-165    8.7818e-53    3.0387e-62    1.6396e-131    1.4336e-145    7.9171e-186    2.8024e-243    5.4546e-49    1.1782e-54    6.5971e-51    8.7603e-19    9.9538e-70    9.2300e-89    1.2355e-117    1.4094e-93    5.9400e-43    1.4118e-44    2.6690e-78    3.1034e-74    3.1126e-31    3.9490e-40
4.0579e-05    1.5988e-02    1.0060e-03    6.7505e-02    2.2718e-36    5.0405e-27    2.6490e-19    4.0532e-13    2.7847e-22    1.7102e-45    3.1321e-18    1.5082e-26    1.2807e-05    2.7646e-03    9.9296e-31    2.0109e-15    1.1027e-37    3.8542e-50    2.1182e-09    1.0686e-20    8.9445e-161    2.4086e-136    0.0000e+00    2.3741e-03    1.4768e-53    9.8957e-88    1.3871e-63    2.3708e-46    1.1923e-83    5.6318e-74    2.2162e-106    7.4258e-66    1.4070e-34    2.1884e-28    1.5988e-18    9.8557e-14    1.5441e-63    9.4648e-41    3.6329e-71    5.0440e-103    1.8272e-311    0.0000e+00    2.3564e-55    2.0479e-37    8.5104e-20    1.6449e-23    1.7835e-41    3.0616e-50    3.3078e-15    3.4481e-15    1.4477e-42    1.8001e-31    1.9598e-37    1.4893e-06    2.5373e-62    3.1513e-40    3.7875e-34    2.3823e-07    2.7536e-20    1.5276e-23    3.5747e-04    8.5179e-09    9.2444e-16    8.2859e-14    4.0623e-16    2.4994e-18    8.2849e-10    1.4850e-20    8.3558e-22    5.5759e-51    2.0879e-53    1.4254e-34    9.1540e-89    1.0053e-84    7.9530e-14    1.0564e-25    4.9217e-15    5.5248e-14    4.1093e-19    1.2818e-34    3.4014e-18    2.0445e-11    1.9462e-04    1.8596e-03    7.7493e-34    1.3455e-25    6.9567e-08    9.5183e-08    2.7054e-25    1.0880e-21
1.3365e-04    4.7810e-03    1.1472e-02    2.1897e-01    1.3679e-47    8.2023e-36    4.4700e-18    1.2970e-09    1.7078e-26    3.0913e-49    7.0098e-19    9.0346e-26    8.3730e-09    6.7429e-03    1.3337e-36    1.8656e-19    2.9534e-45    1.6720e-51    7.2262e-10    1.4095e-22    6.8008e-168    5.7228e-154    2.3741e-03    0.0000e+00    7.9522e-59    8.7342e-94    4.9513e-81    2.4166e-65    7.6654e-82    9.9290e-73    1.8128e-118    4.1870e-76    2.3885e-34    1.9711e-28    6.4555e-22    6.5656e-12    1.4383e-79    1.6408e-47    7.4959e-89    1.0801e-136    0.0000e+00    0.0000e+00    4.5182e-53    3.8109e-35    2.1045e-22    1.3316e-30    1.8912e-43    1.8171e-48    1.4131e-15    2.8411e-19    7.1466e-44    4.6888e-32    1.7019e-43    2.9567e-12    1.8075e-59    1.7324e-40    5.6362e-35    1.8717e-06    1.5660e-20    2.3843e-28    4.2750e-09    5.2230e-12    2.1605e-17    1.2952e-13    4.4837e-18    2.4388e-20    1.5978e-11    7.2725e-21    1.6675e-18    4.6892e-52    1.2557e-55    1.8009e-32    3.1499e-93    1.9189e-88    2.7550e-11    5.0040e-19    2.7725e-18    5.3609e-19    6.0871e-28    1.0939e-41    1.2095e-26    1.9245e-15    2.6485e-06    1.4021e-09    2.6003e-36    4.0130e-27    2.0824e-10    4.5353e-13    3.1178e-32    8.6479e-27
4.5105e-44    3.8984e-63    5.4140e-45    3.0915e-59    3.2504e-19    4.2610e-26    1.9300e-16    1.5774e-25    7.4878e-13    1.1576e-07    2.8307e-12    8.8928e-09    2.8394e-32    9.4298e-56    1.0357e-14    1.7373e-12    2.7485e-19    5.9781e-04    5.1817e-98    3.3487e-176    5.9462e-27    1.5963e-20    1.4768e-53    7.9522e-59    0.0000e+00    1.3358e-04    3.1002e-38    2.6167e-45    4.3772e-08    1.4900e-05    1.9988e-06    1.4238e-02    8.4996e-06    6.9014e-08    1.2668e-28    4.7910e-40    4.1950e-16    2.1361e-22    3.4664e-06    5.1880e-31    2.6050e-54    2.7363e-68    1.3062e-04    1.5702e-08    1.3301e-25    1.6464e-20    2.0466e-06    1.7553e-07    3.5263e-81    1.0377e-103    4.0189e-06    3.2393e-10    1.9242e-12    1.7330e-39    2.2961e-05    1.2964e-03    6.5451e-227    9.5666e-72    2.6283e-142    1.8021e-244    3.1822e-51    8.4345e-30    7.2472e-35    3.6107e-21    1.6184e-22    2.1075e-13    8.1785e-31    1.3218e-19    8.3550e-83    4.3044e-144    6.6310e-17    9.6540e-19    1.3842e-34    5.4522e-39    5.3218e-106    9.5905e-124    5.0113e-22    4.1091e-33    1.4066e-34    2.7229e-13    6.0323e-66    4.6961e-53    2.7055e-59    1.3285e-40    1.4110e-10    8.3291e-12    1.2811e-53    2.5695e-53    3.8319e-17    3.2439e-12
5.6569e-66    5.5111e-98    9.6611e-77    2.1451e-96    9.4502e-30    2.3775e-36    2.9908e-29    5.0391e-47    6.0841e-25    1.5937e-12    3.4214e-25    1.1879e-20    3.7155e-54    3.6657e-96    4.4830e-28    6.1367e-28    7.7442e-37    1.5255e-07    7.1927e-139    1.2239e-244    1.3459e-17    1.8106e-19    9.8957e-88    8.7342e-94    1.3358e-04    0.0000e+00    6.0356e-61    1.1916e-72    6.4580e-03    6.8401e-03    3.8478e-03    2.6994e-06    4.8139e-13    2.0331e-18    1.2134e-46    1.0530e-55    1.5358e-19    1.2529e-26    1.3617e-11    4.8682e-41    8.4096e-31    1.0935e-38    4.3503e-06    8.5415e-16    2.3789e-38    9.7932e-34    1.4304e-14    2.7002e-12    3.5439e-106    6.6413e-142    6.7416e-10    3.5036e-17    1.1814e-22    9.7075e-62    3.6759e-05    3.8010e-09    1.0016e-306    2.9806e-102    1.0340e-189    0.0000e+00    5.4203e-80    6.8193e-55    3.7345e-56    1.3397e-34    1.1431e-39    2.3247e-25    1.0525e-51    8.9713e-31    3.1844e-104    1.2758e-179    1.1308e-16    3.4287e-23    4.2517e-39    1.4608e-46    1.3666e-145    5.9541e-164    6.8337e-36    3.0991e-52    9.5627e-63    2.9063e-27    9.8726e-101    6.5408e-74    8.6238e-87    8.3575e-67    4.5382e-15    6.3750e-20    1.1081e-81    5.5577e-87    1.2789e-30    2.1323e-22
1.2052e-50    6.8472e-59    2.4811e-82    1.0583e-82    7.0952e-12    8.0533e-27    1.6022e-52    6.9016e-62    3.7850e-12    1.5335e-66    1.9534e-34    1.0121e-29    5.5729e-31    2.8908e-89    6.9990e-06    4.7115e-22    1.8864e-04    9.7080e-24    6.1850e-79    1.3544e-96    2.2393e-54    2.7172e-23    1.3871e-63    4.9513e-81    3.1002e-38    6.0356e-61    0.0000e+00    1.1444e-05    7.2406e-71    1.3477e-59    6.3874e-41    2.0191e-24    1.4190e-26    3.4853e-23    1.4861e-12    1.3630e-37    3.4947e-40    1.3199e-60    1.9848e-22    5.6406e-11    1.0066e-202    1.3755e-178    2.2070e-40    2.5024e-60    1.3407e-19    7.8081e-13    2.4147e-16    2.0736e-23    5.1686e-63    6.2890e-62    2.3794e-49    9.1931e-54    2.4016e-08    2.5023e-26    3.3548e-43    4.0513e-27    3.7473e-119    3.6362e-64    3.3485e-107    6.9935e-145    1.5627e-33    1.2877e-28    7.7386e-18    4.7780e-32    3.9570e-19    2.4300e-23    1.3895e-21    3.4180e-21    2.3464e-88    4.9141e-89    1.9088e-71    2.1856e-61    5.4088e-196    7.5937e-202    1.6872e-97    2.2514e-143    1.1114e-18    1.3165e-16    8.4084e-14    5.1592e-06    9.3867e-17    5.0617e-33    6.3790e-52    3.0913e-35    8.7192e-43    4.8205e-34    2.4903e-27    1.2607e-22    1.7969e-07    8.5146e-24
1.6634e-42    6.2116e-47    1.1097e-65    5.8730e-64    1.8621e-12    1.2443e-23    3.2106e-52    1.8403e-57    8.4759e-16    2.8178e-69    1.9412e-36    1.8613e-35    2.2337e-26    1.1298e-70    1.9694e-12    3.8374e-21    3.4834e-10    1.5590e-36    6.0799e-60    4.1825e-73    2.1772e-83    1.6758e-44    2.3708e-46    2.4166e-65    2.6167e-45    1.1916e-72    1.1444e-05    0.0000e+00    2.7216e-86    4.4443e-74    6.5997e-56    9.0045e-33    5.2162e-36    1.5140e-30    8.5477e-17    1.3942e-39    2.0560e-40    3.2590e-59    6.6611e-26    6.6446e-06    1.3850e-209    1.9338e-189    1.3222e-53    2.3846e-64    2.7476e-21    9.6156e-13    2.0064e-27    3.1865e-38    2.0366e-53    6.1246e-47    1.1306e-56    5.7653e-57    2.8843e-15    1.1537e-18    7.5112e-59    2.0439e-36    6.5023e-93    4.3398e-54    5.8510e-82    1.6609e-103    7.1846e-24    4.3991e-25    4.2151e-22    7.4044e-33    7.0697e-23    2.5450e-26    1.5138e-20    5.4880e-26    3.4000e-77    7.1401e-85    2.8943e-77    7.8067e-66    7.5288e-192    3.4920e-196    1.3451e-82    1.3418e-123    9.1988e-20    1.5765e-16    5.3567e-10    2.2159e-12    7.4622e-11    2.5992e-25    3.8005e-39    8.2108e-23    2.4303e-46    1.0532e-37    3.1034e-24    4.1539e-18    1.0313e-09    2.6942e-25
8.1829e-62    2.8322e-93    3.9228e-65    4.0919e-86    1.9500e-36    3.4750e-42    1.2496e-24    4.2121e-37    1.3910e-28    1.8389e-12    7.9097e-24    1.9994e-18    1.2145e-55    1.8320e-82    1.1718e-33    2.5631e-30    4.8894e-43    3.9676e-09    2.0021e-135    7.7202e-249    1.2686e-17    6.1336e-26    1.1923e-83    7.6654e-82    4.3772e-08    6.4580e-03    7.2406e-71    2.7216e-86    0.0000e+00    2.0502e-01    2.4311e-07    3.8976e-12    5.6767e-13    3.5528e-18    1.0880e-49    1.0690e-52    1.3665e-25    4.7653e-28    9.8056e-21    2.8880e-55    8.4404e-42    6.6927e-56    1.6205e-04    1.3356e-10    6.9114e-40    1.2767e-38    6.4620e-17    7.2663e-12    1.4174e-105    1.6164e-146    3.1743e-09    3.6110e-15    1.0862e-26    2.1972e-66    1.0110e-03    1.0239e-09    6.4010e-312    2.5827e-98    9.3571e-189    0.0000e+00    1.5567e-83    7.3441e-56    1.9950e-57    5.0538e-33    8.6650e-41    1.8100e-26    4.2436e-52    1.3800e-30    8.3214e-97    1.8467e-178    1.1657e-14    1.4957e-18    4.9434e-29    2.4141e-34    4.6382e-139    5.2802e-148    5.4407e-38    5.7768e-56    1.1921e-70    6.1832e-34    1.4881e-108    5.8225e-78    1.8919e-85    1.1245e-70    1.8107e-15    6.1024e-20    8.1746e-84    1.8631e-91    3.4815e-36    3.0675e-26
2.8907e-55    1.7613e-81    1.1202e-57    1.3135e-76    7.6410e-32    1.3876e-38    2.3372e-20    2.8638e-31    4.4710e-23    5.6649e-11    8.1638e-19    6.9206e-14    2.5900e-47    7.5026e-73    1.1622e-26    1.2466e-24    1.7587e-34    2.9805e-06    2.9560e-123    2.6005e-223    4.5694e-18    4.1887e-23    5.6318e-74    9.9290e-73    1.4900e-05    6.8401e-03    1.3477e-59    4.4443e-74    2.0502e-01    0.0000e+00    3.1957e-06    4.2175e-09    6.0857e-09    2.5147e-13    1.6084e-41    1.0180e-46    2.4682e-24    8.4511e-27    2.6992e-17    2.0694e-50    7.2363e-51    5.5490e-67    1.1591e-02    2.0297e-08    9.2629e-35    4.8156e-33    6.3649e-12    2.2006e-08    1.0392e-96    5.0332e-132    4.9421e-07    3.4146e-12    2.1064e-21    7.4945e-58    2.1628e-02    1.6808e-06    6.1665e-281    4.3667e-88    9.8852e-173    3.4904e-317    1.1171e-72    5.9124e-46    8.9670e-48    1.6260e-27    7.0939e-33    4.6081e-21    7.9668e-44    1.1329e-25    1.1204e-92    3.7021e-164    1.8350e-14    3.3854e-17    1.6750e-30    2.1567e-35    1.9810e-125    1.0719e-136    1.3318e-32    7.6604e-48    3.0611e-58    1.0074e-26    9.9928e-94    1.4016e-70    5.9441e-77    4.9074e-62    1.7931e-13    3.9326e-16    1.6017e-72    2.9577e-77    3.3694e-30    9.3537e-22
1.7976e-78    1.6063e-106    6.9617e-107    2.1464e-123    3.2933e-28    1.2637e-39    5.5056e-43    6.7105e-68    9.3579e-24    1.2997e-22    3.3017e-33    1.7934e-26    8.3599e-60    2.8805e-127    1.3234e-21    5.4320e-33    4.0949e-25    2.9158e-06    3.5665e-148    9.1903e-227    3.7778e-11    5.4602e-09    2.2162e-106    1.8128e-118    1.9988e-06    3.8478e-03    6.3874e-41    6.5997e-56    2.4311e-07    3.1957e-06    0.0000e+00    2.8621e-04    2.8722e-15    1.2978e-20    1.3692e-40    1.0109e-59    1.7147e-22    1.6281e-34    1.6630e-09    4.2944e-36    2.2208e-37    2.8898e-37    1.7735e-08    9.5059e-29    7.8053e-38    3.6227e-32    1.5620e-11    5.7954e-10    5.9670e-111    7.6522e-137    8.4008e-16    9.8311e-27    8.8698e-18    2.1842e-63    1.8741e-07    3.7364e-11    2.7257e-276    6.2592e-111    5.7057e-194    0.0000e+00    1.9349e-80    4.6502e-58    2.4929e-49    5.0158e-41    4.0751e-38    8.7804e-29    1.6923e-50    1.2683e-31    2.4006e-123    8.9178e-165    1.1751e-24    7.8923e-34    8.3634e-72    2.7238e-83    1.0214e-157    2.0385e-193    9.2881e-37    3.0550e-48    6.0945e-54    2.0119e-20    5.0489e-83    9.9532e-76    9.2710e-96    2.2785e-74    2.2411e-21    2.4825e-25    4.7822e-76    6.5393e-77    1.2937e-26    3.2393e-25
