0.0000e+00    9.1302e-03    2.8311e-10    3.3433e-05    1.0618e-19    7.5808e-12    1.1029e-09    4.0622e-09    4.7382e-10    1.3452e-10    6.5488e-24    2.0791e-11    7.9938e-20    7.2100e-12    9.4244e-42    7.1962e-20    2.6525e-91    1.7355e-76    5.3682e-12    2.4800e-05    2.2453e-121    4.4516e-109    6.8244e-09    1.2903e-15    2.0015e-18    8.0933e-24    9.6598e-52    4.5732e-82    4.2336e-76    4.4848e-90    2.3448e-81    1.2484e-50    1.7584e-32    2.7912e-24    1.0636e-18    3.7406e-16    3.5470e-88    1.3753e-68    7.4792e-118    3.9278e-145    5.9893e-312    7.1129e-317    8.7216e-31    3.8752e-29    6.1306e-20    1.4814e-20    2.1990e-55    1.5918e-43    3.8363e-22    4.7948e-10    1.1253e-10    1.9027e-62    4.4645e-21    3.1246e-33    2.6552e-97    8.3811e-94    4.6347e-05    2.1569e-25    1.1586e-42    4.5950e-04    6.2628e-17    3.9314e-07    3.6890e-17    1.9170e-14    4.3813e-16    1.7403e-39    4.0314e-09    2.9179e-19    3.9038e-25    3.6822e-39    8.3788e-12    1.5764e-05    1.2109e-19    2.1767e-12    5.3014e-46    1.6362e-48    2.3699e-07    4.4032e-06    6.2191e-87    4.3956e-231    6.6739e-65    5.8511e-36    6.5326e-20    4.3560e-17    7.2249e-57    7.8940e-64    4.1280e-55    4.8022e-15    9.2455e-59    2.2308e-76
9.1302e-03    0.0000e+00    5.9357e-07    2.3579e-04    1.3128e-19    8.0734e-11    1.3950e-10    1.3606e-13    1.0236e-09    6.9825e-12    2.0590e-34    1.5710e-15    1.0759e-30    8.9012e-20    2.5772e-50    2.6930e-23    1.4529e-110    1.8884e-105    1.6194e-06    3.1246e-02    2.0799e-147    1.5413e-134    7.2434e-06    6.4910e-09    3.9797e-19    6.5069e-26    3.8096e-49    8.2008e-88    5.2379e-100    1.3243e-116    4.2995e-93    1.3356e-55    1.6045e-40    3.7513e-34    2.0781e-28    2.3136e-28    2.5162e-122    1.1915e-102    4.9316e-145    1.3671e-169    0.0000e+00    0.0000e+00    8.5714e-41    3.4716e-38    7.8917e-24    6.9099e-20    1.5671e-73    1.5704e-52    1.6434e-13    3.6619e-12    4.7167e-15    7.8460e-93    7.5720e-25    8.1577e-45    3.6667e-130    1.1323e-128    1.7860e-04    1.8240e-14    1.6064e-22    3.3804e-02    6.7238e-10    4.1545e-09    2.1892e-20    1.1702e-09    1.0757e-23    1.5056e-59    1.0133e-07    6.0055e-24    7.0965e-23    2.1088e-36    1.6833e-19    3.8037e-12    2.2941e-32    3.3148e-21    2.1363e-37    4.1559e-46    7.7050e-06    6.6923e-05    6.9508e-107    5.0661e-303    1.8804e-78    6.5939e-45    1.9291e-27    2.6044e-18    1.8119e-76    1.6648e-93    9.4821e-77    5.9390e-18    2.0027e-72    1.1310e-103
2.8311e-10    5.9357e-07    0.0000e+00    1.5923e-06    7.9458e-53    1.7148e-33    1.6148e-24    4.3379e-23    8.7431e-29    2.8730e-27    1.4088e-59    3.7383e-34    8.0542e-55    8.0897e-25    1.2828e-89    1.5154e-43    4.8733e-168    2.9970e-151    5.0792e-06    8.1343e-08    1.2520e-222    2.4255e-201    3.3082e-03    5.5074e-02    1.9736e-40    8.4770e-57    1.4957e-103    5.2110e-160    7.0512e-144    4.0331e-169    6.0252e-163    2.2194e-111    4.9962e-70    1.5866e-60    4.7492e-55    4.0590e-52    4.3108e-186    5.9352e-153    2.5509e-233    1.1860e-281    0.0000e+00    0.0000e+00    5.0883e-74    1.4224e-66    3.8024e-52    2.1017e-49    6.8804e-119    4.7643e-91    1.0071e-22    1.1505e-37    4.2250e-37    2.1838e-132    1.1447e-58    1.2012e-78    1.6606e-185    1.9359e-179    2.3251e-09    1.9734e-13    8.0389e-17    1.0490e-04    9.3023e-26    1.4789e-25    1.4225e-48    1.2815e-22    1.9748e-49    1.7445e-91    5.9784e-23    1.0260e-52    5.9220e-19    6.2059e-38    1.4650e-44    9.9266e-29    1.3738e-48    5.7690e-36    3.2318e-20    2.4738e-28    8.3243e-22    2.9140e-17    3.6036e-151    0.0000e+00    5.3682e-132    5.4174e-81    2.4908e-50    2.8734e-36    3.1599e-125    1.5065e-138    2.8045e-117    1.7506e-40    1.7450e-124    5.7925e-154
3.3433e-05    2.3579e-04    1.5923e-06    0.0000e+00    8.9641e-35    8.4386e-19    2.7224e-07    1.2925e-08    2.9798e-13    3.6834e-10    2.9025e-31    3.4409e-14    6.6722e-31    6.2427e-16    1.7442e-52    7.4133e-19    1.5276e-116    6.4513e-113    3.0137e-12    1.0382e-06    8.0262e-161    7.2701e-144    2.4296e-07    1.8703e-09    4.2591e-20    3.9759e-31    8.2591e-66    2.5601e-106    2.8814e-100    1.3564e-121    8.1868e-105    9.5685e-69    2.1793e-36    1.0759e-32    4.8033e-30    1.7148e-35    4.6813e-150    5.6824e-127    1.6122e-173    3.0763e-208    0.0000e+00    0.0000e+00    8.7424e-44    6.1870e-35    1.6804e-27    2.1909e-28    8.3847e-81    4.6233e-53    6.7944e-29    2.9528e-21    1.3220e-16    7.3030e-101    1.8658e-36    1.3290e-47    2.1767e-141    5.5077e-139    1.7986e-08    7.7273e-26    2.6491e-37    3.4043e-05    4.7964e-16    5.4348e-13    2.3383e-24    1.8274e-22    2.5255e-27    9.5758e-64    3.0755e-11    1.6391e-28    2.1130e-32    1.0634e-48    1.9408e-25    4.6372e-15    1.0785e-28    7.0294e-18    1.3571e-43    1.4966e-47    4.7625e-12    2.7757e-09    1.2721e-98    0.0000e+00    7.4260e-84    1.1727e-48    8.5577e-27    2.4378e-14    8.7079e-86    1.5513e-103    1.4886e-82    3.3820e-17    1.4584e-80    3.7261e-113
1.0618e-19    1.3128e-19    7.9458e-53    8.9641e-35    0.0000e+00    8.7353e-03    1.4240e-20    4.9168e-32    2.4359e-05    7.0950e-12    3.4406e-25    1.1521e-14    5.1184e-21    5.3543e-52    5.7355e-22    8.6654e-18    7.4116e-60    1.2015e-62    1.4888e-34    2.7818e-19    7.0306e-85    4.4483e-77    1.5070e-36    1.4804e-55    8.9897e-07    3.7768e-06    6.6224e-16    4.5128e-35    3.7679e-61    9.8004e-70    2.4966e-43    4.3331e-17    5.2104e-24    7.7996e-21    3.1812e-17    1.5839e-18    3.2319e-62    3.0424e-57    1.6840e-69    9.8453e-75    1.7158e-215    2.0766e-165    1.7805e-17    6.7805e-23    7.6618e-07    9.5965e-05    3.3715e-37    1.2984e-25    1.9741e-32    2.6855e-03    1.4622e-09    1.2083e-58    3.8811e-04    1.4365e-22    5.3533e-78    1.2093e-81    1.6194e-31    3.3010e-55    1.5416e-69    1.3850e-27    1.4478e-16    2.4947e-05    1.9011e-08    2.8008e-17    2.0251e-13    1.1664e-38    4.8686e-07    5.5540e-09    3.1004e-69    1.4783e-80    3.8733e-15    5.6299e-17    9.4960e-42    1.0950e-30    1.1626e-107    2.6618e-125    2.2566e-12    2.3507e-18    1.2367e-73    1.1929e-192    2.0244e-38    1.1907e-20    1.0715e-16    4.5497e-17    1.3783e-38    7.9798e-57    1.1092e-42    2.6484e-12    1.5512e-33    5.9179e-59
7.5808e-12    8.0734e-11    1.7148e-33    8.4386e-19    8.7353e-03    0.0000e+00    2.8207e-10    1.0543e-19    8.7861e-02    3.6120e-06    3.2730e-23    2.4615e-09    3.1962e-19    1.6837e-33    2.0428e-23    1.6223e-12    5.0358e-68    4.4325e-68    2.3528e-23    2.5060e-11    8.5080e-94    4.5468e-86    3.2894e-23    4.8817e-35    2.5294e-05    1.0904e-06    2.5687e-14    4.7288e-38    1.2879e-68    4.1416e-77    7.4480e-48    1.7302e-19    2.7002e-22    2.5469e-19    1.4140e-17    1.9273e-20    1.2658e-70    5.1610e-64    4.1870e-81    4.1343e-89    2.9329e-241    1.9836e-196    6.0678e-20    9.1588e-22    4.4067e-07    3.3234e-03    4.0470e-41    2.1362e-26    1.4796e-25    9.4214e-03    1.2079e-06    7.6214e-64    1.5555e-05    6.7483e-23    1.6653e-86    3.0195e-90    2.3222e-20    7.0801e-42    3.3741e-52    3.9138e-17    1.1690e-07    5.0727e-04    3.7612e-06    5.5100e-14    1.3924e-11    2.9735e-42    2.6478e-03    4.4826e-08    3.1078e-57    4.5868e-69    2.9534e-14    3.9829e-13    1.1426e-32    6.0547e-22    2.7998e-85    7.8475e-99    3.7363e-06    6.6899e-10    3.8614e-77    5.1255e-211    3.4121e-43    8.6086e-20    1.0739e-14    1.0807e-09    1.6181e-44    6.1374e-60    1.1490e-48    5.6285e-08    1.4704e-37    3.2473e-66
1.1029e-09    1.3950e-10    1.6148e-24    2.7224e-07    1.4240e-20    2.8207e-10    0.0000e+00    6.9380e-06    7.0882e-06    1.9881e-04    3.6930e-15    9.9554e-05    5.1309e-15    4.5373e-16    7.3389e-25    9.8388e-07    1.6223e-71    1.1197e-67    4.0216e-28    1.0165e-14    3.6610e-99    7.6197e-90    3.1834e-23    1.4937e-29    2.7305e-10    4.4949e-14    3.3965e-29    6.3055e-53    2.1066e-65    5.3843e-76    1.6225e-54    4.6724e-31    7.3464e-16    1.0897e-14    1.5872e-15    6.7965e-24    5.4048e-89    8.7554e-77    6.4661e-102    2.8278e-121    4.7802e-301    3.6999e-278    1.8714e-22    7.0360e-16    5.5528e-12    1.2933e-13    1.6671e-43    4.1838e-25    5.5674e-41    2.6176e-11    1.1818e-05    2.5864e-63    1.2201e-17    4.4419e-22    2.1293e-88    4.0255e-90    2.1995e-16    1.3201e-46    2.4319e-68    2.3858e-15    2.1672e-13    1.2105e-09    1.6247e-08    6.0589e-29    1.8364e-11    2.0909e-40    1.3599e-08    4.1061e-11    4.3120e-55    9.6770e-67    7.0520e-15    3.0128e-10    2.8966e-18    8.2520e-11    1.5574e-80    2.1250e-80    2.6752e-09    5.6882e-09    3.8223e-63    1.0965e-231    3.2854e-45    8.9402e-21    8.8827e-13    5.9325e-04    8.9819e-49    3.7336e-59    4.0486e-50    1.9623e-04    8.4119e-42    4.5721e-69
4.0622e-09    1.3606e-13    4.3379e-23    1.2925e-08    4.9168e-32    1.0543e-19    6.9380e-06    0.0000e+00    2.7039e-13    2.4585e-08    1.0924e-10    3.2724e-05    5.4985e-09    2.6663e-04    3.8704e-29    4.0958e-09    7.6150e-66    1.2082e-44    7.2009e-34    5.6177e-18    1.5930e-96    1.1845e-83    1.9343e-22    5.6465e-36    2.3407e-16    1.9057e-22    3.1866e-56    7.2458e-75    2.0222e-49    4.9532e-61    2.7597e-70    7.5341e-48    1.1802e-17    3.5538e-11    1.0409e-12    4.3850e-15    1.1437e-65    8.3902e-49    1.3811e-102    4.3150e-137    3.9460e-260    3.4873e-306    7.7626e-21    7.1541e-15    2.6030e-17    9.3440e-29    1.5704e-36    1.5544e-28    4.2201e-63    5.2513e-19    6.2365e-09    1.7446e-36    2.3729e-24    2.7608e-19    2.2116e-65    1.3053e-62    1.1742e-22    7.8384e-70    6.3839e-108    9.0991e-19    2.3419e-36    1.9718e-11    1.3491e-17    1.5017e-42    4.8052e-11    8.4940e-25    1.1592e-17    7.8796e-15    6.8523e-55    1.3529e-80    3.9261e-17    1.3200e-08    5.0380e-06    1.6544e-03    1.4621e-90    1.3968e-81    6.2882e-22    1.4212e-20    2.5168e-55    1.0748e-178    1.0037e-48    1.0131e-22    2.7441e-09    7.7063e-09    1.0122e-41    2.6231e-36    2.5062e-35    9.7761e-10    8.3827e-44    4.1139e-51
4.7382e-10    1.0236e-09    8.7431e-29    2.9798e-13    2.4359e-05    8.7861e-02    7.0882e-06    2.7039e-13    0.0000e+00    8.7170e-03    2.4816e-18    8.2967e-06    1.1857e-16    2.7375e-26    3.1810e-20    1.1371e-07    7.8496e-65    2.2016e-69    2.3572e-22    2.2796e-10    4.3329e-92    6.2670e-84    3.6836e-21    1.7810e-31    1.1949e-03    1.6420e-05    3.5743e-15    5.8626e-37    2.6293e-65    8.8430e-76    2.7303e-43    7.9912e-18    8.4770e-17    1.5522e-15    1.1373e-14    4.5327e-21    3.8861e-79    3.7719e-73    1.5843e-85    1.2839e-93    2.4621e-266    9.1229e-215    7.0975e-18    9.5533e-17    2.3706e-05    1.1789e-03    9.6560e-41    1.9840e-22    5.4908e-30    2.5613e-03    3.5949e-04    5.3373e-66    3.3080e-07    2.4113e-21    6.2698e-89    2.0241e-93    1.0432e-18    1.9325e-43    1.0679e-58    5.6906e-15    2.2540e-08    4.0947e-03    1.2825e-04    1.8819e-17    6.2619e-11    6.5652e-42    4.1050e-02    4.7275e-07    1.5790e-56    6.8987e-71    6.7095e-13    2.1483e-11    6.6383e-27    1.0542e-16    1.0696e-85    2.8386e-94    5.2712e-06    6.5885e-09    6.8121e-68    2.9359e-226    5.4401e-39    2.7033e-18    4.6462e-12    2.3011e-05    1.6464e-44    2.6783e-61    9.2605e-49    1.6426e-04    1.7131e-35    1.5138e-67
1.3452e-10    6.9825e-12    2.8730e-27    3.6834e-10    7.0950e-12    3.6120e-06    1.9881e-04    2.4585e-08    8.7170e-03    0.0000e+00    9.5153e-14    2.6784e-03    5.3063e-14    1.8674e-19    5.4512e-18    1.6868e-03    2.8100e-60    3.4631e-68    2.0773e-25    4.0839e-12    8.3616e-90    6.3097e-80    6.7626e-21    5.8895e-32    6.2606e-03    2.2437e-06    1.9933e-22    7.9048e-42    5.6876e-58    6.9292e-71    1.2885e-43    3.2006e-21    3.8395e-12    3.2353e-12    1.4484e-12    1.5674e-21    2.1630e-89    1.7594e-82    1.0895e-90    6.7809e-102    7.7003e-293    5.8995e-236    8.7861e-16    3.2262e-12    2.0681e-05    1.0551e-07    5.5141e-40    1.9433e-19    6.3539e-43    2.1982e-07    4.8251e-04    2.9582e-65    1.9235e-11    6.4077e-20    2.3707e-87    7.5715e-91    1.1982e-21    1.6280e-54    1.2163e-77    4.9076e-17    4.4263e-15    2.9082e-04    7.7649e-06    2.5609e-26    3.2248e-11    7.9761e-39    4.2703e-04    8.3929e-08    1.1711e-60    1.3133e-80    1.4359e-14    1.4538e-11    2.0796e-20    3.3962e-11    2.0828e-95    1.3112e-97    1.0546e-10    2.2316e-13    1.2385e-57    2.1873e-238    2.9047e-36    1.6054e-18    9.2276e-09    1.9636e-02    2.0982e-43    6.2165e-64    1.0438e-45    3.1132e-03    9.9837e-35    6.9182e-66
6.5488e-24    2.0590e-34    1.4088e-59    2.9025e-31    3.4406e-25    3.2730e-23    3.6930e-15    1.0924e-10    2.4816e-18    9.5153e-14    0.0000e+00    5.5460e-06    1.7406e-02    7.6895e-21    9.1534e-08    1.9820e-07    2.5876e-24    2.4530e-22    1.0443e-69    6.8222e-40    1.5247e-38    2.5235e-32    1.7145e-53    1.1261e-83    6.0315e-16    3.8752e-13    3.1088e-34    1.9258e-29    1.3114e-17    2.1528e-24    2.6087e-21    4.8402e-16    4.0553e-04    2.7781e-02    1.8458e-02    1.7688e-09    1.7965e-39    3.9314e-34    2.5577e-40    3.4251e-53    1.2541e-164    3.8245e-154    2.1020e-04    3.0768e-02    5.0274e-09    2.7282e-26    7.3621e-12    1.5292e-07    1.7751e-105    5.5178e-17    1.2903e-06    1.1686e-18    1.0354e-14    2.9420e-05    1.5157e-31    2.2194e-31    1.1909e-47    1.7439e-129    1.0861e-204    1.3031e-44    7.8222e-63    2.9668e-15    1.4994e-11    3.3696e-65    1.1832e-05    1.7011e-08    5.2417e-28    1.8392e-08    2.9806e-92    4.5817e-124    1.1631e-10    1.4130e-10    1.5114e-06    1.0306e-05    7.6769e-168    3.5516e-143    6.7795e-37    3.5043e-39    1.0988e-20    5.5128e-115    6.8880e-13    2.4610e-09    4.4196e-04    3.3148e-12    9.2835e-12    6.0092e-19    5.0771e-12    6.4056e-08    1.1614e-11    6.4009e-21
2.0791e-11    1.5710e-15    3.7383e-34    3.4409e-14    1.1521e-14    2.4615e-09    9.9554e-05    3.2724e-05    8.2967e-06    2.6784e-03    5.5460e-06    0.0000e+00    6.9051e-05    5.1729e-13    4.9417e-12    1.1185e-02    2.2157e-43    8.0946e-38    8.9974e-37    4.2641e-18    2.7540e-65    1.6316e-57    6.6028e-29    3.2622e-45    2.9461e-06    2.6807e-07    1.6108e-24    1.7114e-35    7.5215e-38    8.6689e-46    4.8668e-36    6.7669e-19    2.1506e-07    7.0229e-05    1.0393e-05    3.5728e-11    1.3005e-51    5.6468e-44    9.5448e-64    7.4942e-79    1.5573e-205    9.1463e-193    1.5046e-08    3.1001e-06    8.8491e-05    5.8642e-12    1.4112e-22    1.4979e-12    1.1092e-59    3.1988e-08    3.2635e-02    1.3893e-34    5.8400e-09    4.8661e-09    4.0842e-53    1.5779e-54    1.0819e-25    1.1540e-73    6.7706e-113    4.2308e-23    9.4028e-28    2.5487e-06    5.1043e-05    2.4717e-37    1.9755e-04    3.0122e-20    1.3389e-10    4.0697e-04    9.6908e-65    2.7237e-87    3.2654e-10    5.3944e-07    3.7045e-09    1.6104e-04    4.5244e-113    2.1340e-106    8.8860e-16    2.1310e-18    1.1133e-42    5.3965e-159    3.6868e-26    2.3190e-10    3.7660e-03    2.6913e-03    2.0798e-25    4.0290e-33    3.3078e-25    3.3237e-02    1.4097e-22    1.0885e-38
7.9938e-20    1.0759e-30    8.0542e-55    6.6722e-31    5.1184e-21    3.1962e-19    5.1309e-15    5.4985e-09    1.1857e-16    5.3063e-14    1.7406e-02    6.9051e-05    0.0000e+00    5.3235e-15    1.8267e-09    1.1576e-08    2.7431e-27    1.1516e-17    1.8520e-67    1.0031e-36    2.4982e-42    7.1759e-36    2.7746e-46    5.5624e-81    7.5866e-16    1.9874e-13    4.4640e-35    4.5033e-31    4.7170e-20    4.0041e-25    3.2694e-29    1.3013e-18    4.6617e-08    6.0206e-02    3.6151e-03    1.6193e-05    2.0583e-27    8.1182e-21    2.1881e-38    2.7203e-53    3.3852e-141    8.1731e-147    1.7823e-04    1.2144e-04    8.8201e-09    4.6697e-27    8.4262e-10    9.4961e-10    2.1417e-107    9.4529e-15    2.0097e-06    2.0135e-13    5.1632e-10    1.2884e-03    8.6024e-28    1.7588e-27    2.0552e-48    6.8588e-139    3.8284e-209    9.7057e-44    2.0544e-67    3.8443e-13    2.8158e-12    1.8343e-64    9.1868e-03    1.0791e-06    3.0954e-30    6.2285e-06    2.0556e-91    3.2984e-130    3.2430e-11    7.8155e-09    1.3000e-04    6.9424e-04    1.7387e-163    6.0990e-142    1.1172e-38    3.9678e-41    3.5833e-29    1.8978e-100    8.0538e-17    3.5272e-07    3.0402e-02    4.8145e-12    5.0234e-11    2.2803e-13    4.1721e-10    3.4340e-09    7.8457e-13    2.5810e-18
7.2100e-12    8.9012e-20    8.0897e-25    6.2427e-16    5.3543e-52    1.6837e-33    4.5373e-16    2.6663e-04    2.7375e-26    1.8674e-19    7.6895e-21    5.1729e-13    5.3235e-15    0.0000e+00    1.0007e-47    4.1971e-21    3.7154e-89    1.4021e-51    4.5332e-43    6.8871e-25    1.5903e-125    8.8012e-109    1.4361e-22    2.9216e-43    1.5283e-30    8.2567e-42    3.1595e-94    3.3761e-115    3.0022e-61    2.6596e-75    8.5527e-115    9.9278e-84    6.7477e-34    1.8323e-20    4.7570e-23    5.2082e-18    3.0841e-78    1.5312e-52    9.6588e-136    1.0387e-185    1.8194e-294    0.0000e+00    1.3513e-34    3.9415e-28    5.4476e-33    4.1943e-51    2.3067e-51    8.8252e-47    3.8334e-89    7.4792e-34    2.5357e-21    6.5329e-39    2.9207e-39    3.8966e-30    2.3545e-75    4.5874e-68    3.6571e-33    2.3393e-99    1.3921e-141    1.7828e-27    1.5165e-63    1.1395e-21    6.0240e-34    1.0351e-63    6.0503e-20    2.6977e-29    1.8442e-35    5.0423e-27    1.0534e-59    1.5187e-99    4.7280e-30    7.4530e-14    4.1242e-07    5.6371e-06    9.1393e-96    1.1555e-83    1.0116e-38    2.8908e-36    1.6136e-75    4.0943e-195    7.2547e-76    4.8930e-38    5.1066e-16    1.4371e-19    1.4140e-57    5.1786e-46    1.1990e-42    9.3049e-24    9.6802e-67    5.2852e-62
9.4244e-42    2.5772e-50    1.2828e-89    1.7442e-52    5.7355e-22    2.0428e-23    7.3389e-25    3.8704e-29    3.1810e-20    5.4512e-18    9.1534e-08    4.9417e-12    1.8267e-09    1.0007e-47    0.0000e+00    3.7699e-09    7.5190e-14    1.0173e-22    4.0846e-86    6.7517e-53    1.0410e-25    2.2860e-22    4.8218e-75    6.2117e-109    3.1177e-13    8.6074e-08    2.0063e-16    1.1457e-06    2.8653e-17    2.4022e-20    3.2474e-06    1.1327e-02    4.8934e-03    1.7436e-05    8.1699e-09    3.6656e-20    7.5894e-38    2.6369e-40    1.4279e-23    4.4301e-24    3.6943e-133    4.9505e-83    4.9783e-03    2.6909e-03    1.6274e-06    2.8689e-20    3.0391e-08    4.9830e-01    6.6303e-116    3.7558e-20    1.3976e-11    1.7114e-27    1.2500e-11    1.7554e-04    3.5529e-29    2.7441e-34    5.9822e-68    2.5939e-148    2.9104e-217    2.6748e-64    1.3726e-62    1.9010e-21    2.1563e-10    1.0706e-74    7.3442e-11    1.9893e-17    1.0809e-30    1.9348e-07    1.5989e-125    6.3782e-154    3.0675e-21    8.9438e-25    9.5064e-25    2.8891e-21    8.9005e-212    4.2881e-196    4.2119e-43    1.6623e-50    1.9888e-18    1.0029e-112    3.1600e-04    2.8504e-05    2.5804e-07    2.8100e-14    1.1620e-09    7.2830e-26    6.7333e-13    3.6286e-10    1.1980e-03    5.5679e-20
7.1962e-20    2.6930e-23    1.5154e-43    7.4133e-19    8.6654e-18    1.6223e-12    9.8388e-07    4.0958e-09    1.1371e-07    1.6868e-03    1.9820e-07    1.1185e-02    1.1576e-08    4.1971e-21    3.7699e-09    0.0000e+00    1.7834e-39    3.9511e-45    1.3088e-44    1.0770e-24    8.7953e-63    3.9379e-55    4.9511e-37    4.9000e-53    1.3760e-04    7.9501e-06    9.0386e-20    2.9603e-28    2.7411e-38    5.6389e-47    1.1933e-28    3.1713e-14    1.1743e-04    6.2041e-06    3.4977e-09    3.7354e-20    2.6328e-67    2.9944e-63    8.3879e-65    1.1409e-74    7.5019e-229    3.6439e-184    4.8577e-09    5.1252e-05    1.4920e-04    7.5332e-12    1.3622e-24    2.0361e-09    7.8377e-70    8.3275e-13    8.5065e-05    4.0795e-46    5.8901e-12    8.8786e-11    1.0656e-59    1.7718e-63    1.9152e-35    1.7520e-84    3.3728e-124    3.7350e-31    4.0473e-29    6.1121e-10    5.2039e-06    2.8133e-45    9.8035e-09    2.1672e-27    5.7922e-12    1.1118e-05    4.8181e-82    1.6810e-105    4.8960e-17    5.8762e-15    4.8616e-15    2.9306e-09    7.5374e-133    1.7618e-126    7.4979e-21    1.2903e-24    2.5804e-37    1.0448e-183    5.1274e-22    2.4689e-10    1.5201e-04    7.5178e-02    1.9069e-28    1.0533e-44    9.1253e-30    2.2762e-02    5.8297e-21    2.2362e-44
2.6525e-91    1.4529e-110    4.8733e-168    1.5276e-116    7.4116e-60    5.0358e-68    1.6223e-71    7.6150e-66    7.8496e-65    2.8100e-60    2.5876e-24    2.2157e-43    2.7431e-27    3.7154e-89    7.5190e-14    1.7834e-39    0.0000e+00    7.6421e-09    6.2905e-177    8.0825e-117    1.7466e-04    3.6840e-03    1.3052e-143    7.5391e-217    4.6577e-50    1.8568e-38    1.4879e-56    6.8936e-17    3.9413e-04    1.5329e-03    1.8992e-11    4.5271e-22    1.2447e-21    2.6310e-22    2.7370e-28    4.0272e-39    2.7815e-24    2.1977e-32    7.1893e-05    1.1208e-03    4.0232e-55    9.4660e-27    4.6243e-16    1.2853e-19    1.8963e-34    1.6932e-70    9.1503e-08    5.7678e-13    6.4526e-245    4.5279e-60    2.5353e-44    2.0122e-17    4.4296e-39    9.9083e-17    1.3067e-07    1.7653e-12    4.8229e-147    3.0195e-311    0.0000e+00    3.5820e-137    7.5039e-166    2.9911e-59    6.3158e-47    7.4873e-159    4.5991e-35    4.4109e-20    3.6261e-90    1.2744e-33    7.2585e-216    8.4230e-281    9.7316e-54    2.1752e-59    6.5625e-47    1.8479e-49    0.0000e+00    4.9407e-324    1.4907e-115    9.5930e-127    5.5373e-08    1.5108e-45    3.2099e-05    1.4888e-21    1.4492e-27    4.3719e-52    1.9274e-07    3.5666e-18    3.4122e-08    7.0619e-45    6.8812e-06    8.0546e-07
1.7355e-76    1.8884e-105    2.9970e-151    6.4513e-113    1.2015e-62    4.4325e-68    1.1197e-67    1.2082e-44    2.2016e-69    3.4631e-68    2.4530e-22    8.0946e-38    1.1516e-17    1.4021e-51    1.0173e-22    3.9511e-45    7.6421e-09    0.0000e+00    2.0512e-191    4.8988e-121    8.1192e-15    4.3428e-13    2.0523e-126    5.8855e-218    8.6479e-63    3.2991e-52    2.8212e-78    1.0127e-30    3.6748e-09    8.1944e-06    1.6403e-41    4.1175e-41    1.7810e-35    4.9243e-16    1.2042e-26    5.0221e-26    8.0335e-08    1.9018e-11    2.2105e-07    6.1326e-13    7.2281e-41    2.5780e-40    4.4880e-21    2.0813e-25    2.2970e-42    1.1426e-94    4.5684e-04    2.6569e-22    1.8355e-292    6.3179e-62    1.0191e-46    5.1660e-05    1.9790e-33    2.0857e-10    1.2147e-03    3.5287e-07    4.4142e-157    0.0000e+00    0.0000e+00    1.4797e-142    3.4140e-213    1.8488e-62    5.1224e-56    6.1592e-189    1.3746e-25    1.3327e-12    4.2431e-120    5.9621e-26    1.6476e-221    7.9114e-318    4.5763e-53    3.4270e-49    5.4500e-26    2.3658e-32    0.0000e+00    7.7236e-308    1.5422e-135    4.8223e-142    2.9586e-22    1.0174e-32    5.4483e-15    8.0153e-15    2.4263e-21    3.4394e-52    1.6612e-05    3.0990e-04    3.4157e-04    8.6619e-51    6.4671e-08    2.0924e-02
5.3682e-12    1.6194e-06    5.0792e-06    3.0137e-12    1.4888e-34    2.3528e-23    4.0216e-28    7.2009e-34    2.3572e-22    2.0773e-25    1.0443e-69    8.9974e-37    1.8520e-67    4.5332e-43    4.0846e-86    1.3088e-44    6.2905e-177    2.0512e-191    0.0000e+00    1.1722e-03    1.7058e-234    3.9192e-217    1.7387e-03    7.0263e-05    1.3079e-33    4.4510e-46    9.1744e-76    7.6704e-131    1.2755e-170    9.9084e-200    1.2202e-143    4.6017e-90    5.3056e-72    3.9688e-68    2.0856e-59    1.1029e-63    7.6085e-220    1.0253e-199    6.2923e-241    8.1086e-260    0.0000e+00    0.0000e+00    4.2009e-77    7.5478e-71    7.9903e-45    1.1473e-33    1.2083e-135    1.6442e-89    5.3773e-12    6.0601e-28    4.6264e-36    1.0695e-178    3.6574e-50    1.9223e-88    8.5924e-231    1.0456e-235    2.2932e-10    1.2545e-10    1.0814e-10    8.4511e-05    4.2040e-18    2.3350e-21    5.3560e-41    7.5067e-12    2.7134e-57    3.1988e-120    3.4796e-15    4.6293e-50    3.2571e-20    9.4844e-41    1.9675e-43    3.5396e-33    6.3863e-70    2.8169e-49    4.4934e-31    4.2916e-45    2.2417e-15    3.1785e-15    1.2422e-165    0.0000e+00    4.3235e-128    5.0616e-85    1.2822e-57    2.5121e-36    8.8421e-141    1.5467e-176    2.4991e-143    4.4768e-39    8.2412e-125    1.3367e-187
2.4800e-05    3.1246e-02    8.1343e-08    1.0382e-06    2.7818e-19    2.5060e-11    1.0165e-14    5.6177e-18    2.2796e-10    4.0839e-12    6.8222e-40    4.2641e-18    1.0031e-36    6.8871e-25    6.7517e-53    1.0770e-24    8.0825e-117    4.8988e-121    1.1722e-03    0.0000e+00    7.4165e-159    4.9534e-145    1.8033e-04    3.6458e-08    8.9223e-18    8.8150e-26    2.0268e-50    5.2700e-90    4.1735e-109    4.1729e-129    8.4130e-98    7.9363e-58    1.1406e-43    6.9939e-39    8.2544e-33    1.9961e-34    2.2535e-141    2.8071e-124    3.3251e-158    4.1098e-178    0.0000e+00    0.0000e+00    3.6771e-44    9.1826e-42    1.7386e-24    1.6087e-19    2.4865e-83    1.0583e-55    4.4754e-14    6.2928e-14    3.1446e-18    6.3730e-110    5.8232e-27    2.4949e-51    5.2321e-148    8.9830e-149    3.7454e-08    9.9235e-16    2.8208e-21    1.1468e-03    5.9315e-11    2.3470e-09    1.4335e-22    4.3184e-10    8.2888e-30    3.1120e-70    6.7738e-07    6.6864e-27    3.7389e-25    4.1854e-44    7.1669e-25    4.0224e-17    8.2183e-40    4.0189e-26    1.1790e-42    3.2249e-54    5.7680e-08    9.8576e-09    4.6992e-114    0.0000e+00    3.5889e-83    7.5080e-51    1.6972e-30    1.1757e-19    4.1573e-86    1.4236e-111    1.1786e-86    1.3279e-20    1.3938e-78    1.1614e-117
2.2453e-121    2.0799e-147    1.2520e-222    8.0262e-161    7.0306e-85    8.5080e-94    3.6610e-99    1.5930e-96    4.3329e-92    8.3616e-90    1.5247e-38    2.7540e-65    2.4982e-42    1.5903e-125    1.0410e-25    8.7953e-63    1.7466e-04    8.1192e-15    1.7058e-234    7.4165e-159    0.0000e+00    2.5025e-01    3.3144e-191    4.7036e-285    2.9448e-77    8.5025e-61    1.3983e-79    3.2881e-27    1.5888e-06    1.3844e-03    1.1780e-20    5.4133e-38    2.6369e-36    1.7078e-37    8.8927e-43    7.5896e-54    5.2747e-36    3.4635e-43    8.7022e-06    1.5788e-04    3.7100e-56    2.3212e-22    1.3961e-28    9.2419e-34    1.9964e-54    2.6908e-99    2.4835e-15    9.3681e-24    4.7649e-309    5.4724e-83    3.6643e-64    2.4219e-23    2.1372e-57    3.2479e-28    3.6785e-08    1.5343e-11    6.1866e-189    0.0000e+00    0.0000e+00    4.3330e-182    2.1919e-218    1.0807e-85    5.1935e-67    5.1209e-205    4.6795e-50    1.2843e-27    1.4424e-127    5.3028e-52    7.6604e-270    0.0000e+00    5.2554e-70    3.3359e-78    1.4218e-68    3.1287e-72    0.0000e+00    0.0000e+00    1.5452e-152    1.5251e-164    7.9905e-10    5.9558e-40    3.4717e-13    1.2912e-35    2.2337e-45    4.6244e-78    7.4260e-13    1.0672e-26    3.5625e-14    6.7511e-67    1.1973e-13    8.6666e-10
4.4516e-109    1.5413e-134    2.4255e-201    7.2701e-144    4.4483e-77    4.5468e-86    7.6197e-90    1.1845e-83    6.2670e-84    6.3097e-80    2.5235e-32    1.6316e-57    7.1759e-36    8.8012e-109    2.2860e-22    3.9379e-55    3.6840e-03    4.3428e-13    3.9192e-217    4.9534e-145    2.5025e-01    0.0000e+00    1.4107e-172    5.3114e-263    6.1383e-69    2.5621e-54    1.0458e-75    2.4842e-26    6.2623e-04    1.9648e-02    2.1452e-18    5.7596e-34    1.3695e-31    5.8998e-32    8.7245e-37    9.0538e-47    1.0214e-33    4.3115e-40    9.1853e-05    3.2584e-04    8.0337e-59    3.6604e-25    8.9760e-24    1.0261e-28    2.9564e-48    3.8463e-92    1.3621e-12    5.9538e-21    1.7092e-294    2.5950e-75    4.5360e-57    1.2578e-19    1.3397e-51    1.8307e-24    3.3009e-07    1.0634e-09    2.4150e-175    0.0000e+00    0.0000e+00    1.1204e-166    1.9053e-207    5.8113e-76    2.1439e-61    4.8632e-191    7.6973e-44    2.8824e-22    7.5365e-117    8.3026e-47    9.9667e-252    4.9407e-324    8.9728e-63    9.4142e-70    7.4322e-58    1.4514e-61    0.0000e+00    0.0000e+00    3.0345e-143    5.8527e-154    1.2321e-08    1.6749e-41    7.0911e-11    7.3751e-32    1.4949e-38    4.5096e-70    5.5398e-10    3.7563e-24    5.8954e-11    2.9861e-60    1.8024e-11    8.0446e-08
6.8244e-09    7.2434e-06    3.3082e-03    2.4296e-07    1.5070e-36    3.2894e-23    3.1834e-23    1.9343e-22    3.6836e-21    6.7626e-21    1.7145e-53    6.6028e-29    2.7746e-46    1.4361e-22    4.8218e-75    4.9511e-37    1.3052e-143    2.0523e-126    1.7387e-03    1.8033e-04    3.3144e-191    1.4107e-172    0.0000e+00    1.1063e-02    1.3647e-29    1.7330e-43    1.8486e-81    3.0718e-131    2.9478e-125    3.1143e-145    3.3873e-138    2.9565e-89    6.7298e-62    8.7809e-52    1.1226e-47    2.7501e-42    1.4985e-145    1.3384e-119    6.6465e-189    7.8699e-227    0.0000e+00    0.0000e+00    9.0058e-61    1.6796e-58    9.8084e-41    3.0780e-36    3.2093e-98    5.2068e-78    3.6695e-18    7.8777e-28    7.5549e-31    2.4257e-110    5.7285e-43    2.0583e-65    7.5520e-156    1.0502e-151    1.8002e-11    4.5727e-17    1.4245e-16    5.4312e-05    5.4654e-19    7.3158e-18    1.9197e-39    4.2843e-15    4.3738e-40    9.6556e-78    1.0485e-15    5.4637e-42    3.4398e-26    3.0801e-47    7.1021e-39    6.4615e-26    3.8049e-44    4.6832e-32    6.4793e-31    3.0392e-43    1.0269e-17    7.8801e-16    4.0435e-140    0.0000e+00    8.0355e-113    3.8922e-66    6.8612e-41    1.5408e-30    4.6713e-104    1.3699e-115    5.4450e-98    1.0233e-34    3.1249e-104    1.1472e-128
1.2903e-15    6.4910e-09    5.5074e-02    1.8703e-09    1.4804e-55    4.8817e-35    1.4937e-29    5.6465e-36    1.7810e-31    5.8895e-32    1.1261e-83    3.2622e-45    5.5624e-81    2.9216e-43    6.2117e-109    4.9000e-53    7.5391e-217    5.8855e-218    7.0263e-05    3.6458e-08    4.7036e-285    5.3114e-263    1.1063e-02    0.0000e+00    1.6397e-44    1.7098e-63    3.0564e-102    1.7675e-173    4.9676e-203    4.6453e-235    3.2515e-186    1.2723e-122    2.3020e-87    8.4736e-83    2.6573e-76    3.8022e-81    8.4684e-256    1.5671e-227    1.8848e-299    0.0000e+00    0.0000e+00    0.0000e+00    7.7740e-99    8.6168e-87    1.9214e-61    1.6260e-49    2.9415e-163    1.6757e-111    8.4147e-21    1.1206e-42    3.5923e-47    7.5436e-203    2.7191e-70    1.7436e-106    8.1445e-267    9.1938e-270    3.4252e-12    8.4418e-14    2.2396e-12    1.2451e-06    3.7900e-23    4.4828e-32    9.7368e-55    6.9432e-21    1.7411e-69    1.0382e-142    4.3245e-24    5.3534e-65    5.6582e-23    7.7687e-43    4.8591e-58    3.4381e-42    2.1673e-78    1.3616e-56    1.1599e-22    4.7388e-34    6.9100e-23    3.9613e-19    2.0087e-194    0.0000e+00    5.1491e-162    4.2999e-102    2.0256e-70    1.3714e-41    6.4182e-173    4.9440e-199    1.5657e-171    1.6988e-48    4.9746e-157    1.3506e-220
2.0015e-18    3.9797e-19    1.9736e-40    4.2591e-20    8.9897e-07    2.5294e-05    2.7305e-10    2.3407e-16    1.1949e-03    6.2606e-03    6.0315e-16    2.9461e-06    7.5866e-16    1.5283e-30    3.1177e-13    1.3760e-04    4.6577e-50    8.6479e-63    1.3079e-33    8.9223e-18    2.9448e-77    6.1383e-69    1.3647e-29    1.6397e-44    0.0000e+00    3.3352e-02    7.8471e-12    7.2198e-27    1.8389e-53    6.9331e-64    2.8472e-31    6.5522e-11    1.1953e-11    7.3611e-13    5.2041e-14    1.2259e-23    1.0065e-77    3.7745e-76    5.4165e-72    1.6125e-75    2.9673e-249    6.2055e-178    5.6772e-13    3.5509e-12    4.1875e-03    1.1821e-04    2.7732e-34    1.7168e-15    2.5038e-49    3.6430e-07    4.9652e-06    3.4743e-63    2.6600e-07    8.1745e-18    1.8172e-79    3.1879e-85    1.3073e-32    2.7624e-67    1.9820e-90    2.1720e-26    4.5782e-18    1.4813e-05    2.8423e-05    4.8706e-29    4.8255e-12    3.9353e-39    1.1517e-05    2.6272e-06    5.9636e-76    9.0490e-98    7.4099e-18    1.4485e-17    1.9170e-27    1.2159e-17    1.8857e-117    3.0271e-123    2.7095e-15    2.2191e-20    9.2533e-55    7.1824e-217    3.4280e-28    9.8782e-15    3.3227e-09    2.6986e-04    1.5219e-37    1.3345e-60    6.2098e-42    1.1401e-04    3.7409e-27    1.6863e-59
8.0933e-24    6.5069e-26    8.4770e-57    3.9759e-31    3.7768e-06    1.0904e-06    4.4949e-14    1.9057e-22    1.6420e-05    2.2437e-06    3.8752e-13    2.6807e-07    1.9874e-13    8.2567e-42    8.6074e-08    7.9501e-06    1.8568e-38    3.2991e-52    4.4510e-46    8.8150e-26    8.5025e-61    2.5621e-54    1.7330e-43    1.7098e-63    3.3352e-02    0.0000e+00    1.8164e-08    3.8688e-17    9.0630e-43    2.9835e-51    4.2488e-21    5.3688e-05    2.2868e-08    4.1342e-10    1.9308e-10    3.9265e-20    7.8657e-66    1.6746e-65    3.4650e-55    6.4421e-56    9.2927e-218    1.7211e-143    3.8086e-08    8.0996e-09    2.2813e-01    1.1544e-04    8.8218e-26    8.5169e-10    7.1464e-59    8.7499e-07    1.8187e-05    1.5998e-53    7.9852e-05    7.7182e-13    2.3132e-65    5.6492e-71    1.2283e-39    1.2970e-80    1.4632e-112    4.6505e-35    8.5547e-25    1.9032e-07    9.2173e-04    1.4730e-35    5.5533e-10    6.1738e-32    3.2528e-09    3.9623e-04    3.4663e-86    1.0766e-104    1.5754e-15    1.5762e-17    9.3866e-30    9.3730e-21    2.6687e-139    9.1161e-144    1.8400e-18    7.1797e-25    9.0185e-45    3.0086e-190    2.3779e-19    6.0534e-11    3.6645e-08    4.6105e-07    1.1379e-27    1.3158e-51    1.5565e-32    1.4811e-04    2.6742e-18    1.1041e-47
9.6598e-52    3.8096e-49    1.4957e-103    8.2591e-66    6.6224e-16    2.5687e-14    3.3965e-29    3.1866e-56    3.5743e-15    1.9933e-22    3.1088e-34    1.6108e-24    4.4640e-35    3.1595e-94    2.0063e-16    9.0386e-20    1.4879e-56    2.8212e-78    9.1744e-76    2.0268e-50    1.3983e-79    1.0458e-75    1.8486e-81    3.0564e-102    7.8471e-12    1.8164e-08    0.0000e+00    4.9442e-15    8.1032e-70    3.1430e-75    1.2441e-29    8.5867e-10    3.5726e-20    1.1662e-27    1.4752e-30    7.7766e-47    3.8053e-95    2.2902e-98    7.5177e-76    3.6700e-70    4.2119e-262    6.0187e-152    6.7046e-24    4.9283e-24    1.2147e-11    1.6785e-07    1.2325e-43    4.0283e-18    1.0539e-66    2.6154e-19    8.2712e-20    1.1897e-87    1.5527e-14    2.3848e-26    5.0554e-94    6.0710e-105    1.2374e-64    7.6083e-95    8.8623e-108    5.3558e-64    4.6982e-23    9.5502e-26    1.0606e-10    3.1876e-50    1.7004e-25    5.3102e-62    1.8303e-21    1.1268e-13    3.6983e-129    7.7082e-128    1.2136e-35    7.5162e-41    6.0332e-69    2.6285e-54    3.7182e-179    4.6851e-202    2.7702e-27    2.2621e-37    2.5130e-64    1.9017e-245    1.4144e-32    1.0175e-19    2.1075e-26    1.2295e-18    9.0212e-49    1.6266e-80    2.1636e-57    4.8421e-15    7.5053e-31    5.9951e-74
4.5732e-82    8.2008e-88    5.2110e-160    2.5601e-106    4.5128e-35    4.7288e-38    6.3055e-53    7.2458e-75    5.8626e-37    7.9048e-42    1.9258e-29    1.7114e-35    4.5033e-31    3.3761e-115    1.1457e-06    2.9603e-28    6.8936e-17    1.0127e-30    7.6704e-131    5.2700e-90    3.2881e-27    2.4842e-26    3.0718e-131    1.7675e-173    7.2198e-27    3.8688e-17    4.9442e-15    0.0000e+00    2.4795e-28    1.0145e-26    1.0323e-08    4.1510e-06    4.7621e-15    3.5519e-22    8.9992e-29    7.5184e-45    8.4830e-46    2.8033e-53    2.2850e-25    1.4204e-20    5.5923e-126    2.8352e-61    1.0183e-14    1.5099e-17    6.8196e-18    7.0212e-29    2.4502e-15    2.9479e-06    1.4529e-141    2.7896e-38    5.7068e-31    3.9178e-45    1.4413e-22    3.0536e-15    4.6670e-35    3.1998e-45    5.6608e-110    5.0562e-185    5.6563e-244    2.0507e-108    6.4629e-77    1.7752e-44    8.4715e-23    3.0367e-102    6.5246e-30    5.0911e-39    4.7473e-50    9.0236e-19    1.2672e-186    8.3601e-199    8.1045e-47    1.0949e-55    8.0398e-69    3.3202e-62    2.3889e-287    1.3605e-290    6.9748e-64    3.4805e-78    2.4952e-26    2.2188e-119    1.8912e-09    5.8996e-13    1.0387e-26    4.0715e-34    6.6802e-20    1.1552e-39    1.5433e-24    9.2174e-27    1.1677e-08    6.4494e-29
4.2336e-76    5.2379e-100    7.0512e-144    2.8814e-100    3.7679e-61    1.2879e-68    2.1066e-65    2.0222e-49    2.6293e-65    5.6876e-58    1.3114e-17    7.5215e-38    4.7170e-20    3.0022e-61    2.8653e-17    2.7411e-38    3.9413e-04    3.6748e-09    1.2755e-170    4.1735e-109    1.5888e-06    6.2623e-04    2.9478e-125    4.9676e-203    1.8389e-53    9.0630e-43    8.1032e-70    2.4795e-28    0.0000e+00    2.0415e-02    1.2751e-18    2.7137e-29    2.2363e-22    6.0638e-19    4.4923e-22    2.2710e-28    7.3000e-28    4.0330e-30    5.9111e-08    2.0467e-11    4.4143e-72    9.3041e-49    7.9905e-15    5.3477e-18    4.4768e-36    1.0301e-77    5.3864e-08    2.4380e-16    5.2387e-254    2.3219e-57    2.6297e-40    1.1079e-10    2.7429e-39    5.3620e-16    1.9007e-06    9.6361e-07    4.4537e-136    6.9169e-323    0.0000e+00    5.0406e-126    6.9060e-180    9.9681e-55    2.6348e-48    7.2104e-159    3.7526e-29    7.2388e-10    1.8985e-93    2.7699e-34    5.7300e-196    8.3906e-274    5.6241e-44    1.5866e-46    3.1614e-28    4.5986e-33    0.0000e+00    8.5032e-290    1.5037e-117    1.2281e-124    5.6666e-08    2.0295e-46    1.7240e-08    3.2389e-24    3.5386e-23    2.8361e-51    4.6172e-05    2.3642e-16    1.3218e-04    1.8528e-44    9.7494e-09    7.7531e-05
4.4848e-90    1.3243e-116    4.0331e-169    1.3564e-121    9.8004e-70    4.1416e-77    5.3843e-76    4.9532e-61    8.8430e-76    6.9292e-71    2.1528e-24    8.6689e-46    4.0041e-25    2.6596e-75    2.4022e-20    5.6389e-47    1.5329e-03    8.1944e-06    9.9084e-200    4.1729e-129    1.3844e-03    1.9648e-02    3.1143e-145    4.6453e-235    6.9331e-64    2.9835e-51    3.1430e-75    1.0145e-26    2.0415e-02    0.0000e+00    7.4977e-24    2.3715e-34    1.9505e-29    2.5091e-23    1.0640e-29    2.3168e-35    7.7935e-22    3.9437e-26    2.5221e-03    1.2453e-05    1.5415e-47    1.3318e-29    1.2434e-19    5.6431e-24    1.3742e-43    1.1611e-90    2.7196e-07    4.5106e-19    1.2069e-290    1.7637e-67    2.8485e-49    2.5605e-10    3.5582e-43    2.5570e-17    1.3182e-02    2.1361e-04    1.0627e-160    0.0000e+00    0.0000e+00    6.9868e-150    5.5351e-207    7.7298e-67    7.3507e-57    2.2681e-185    1.4089e-33    4.2673e-14    1.2007e-113    5.9255e-38    1.0616e-229    5.5970e-315    3.8467e-55    5.0502e-57    1.4531e-37    4.8551e-43    0.0000e+00    0.0000e+00    2.1017e-137    1.6046e-145    8.4797e-11    4.4190e-32    1.9179e-10    1.9883e-24    1.7657e-28    2.1864e-59    6.9925e-06    6.3994e-14    1.3479e-05    1.7805e-53    4.5598e-09    3.8546e-03
2.3448e-81    4.2995e-93    6.0252e-163    8.1868e-105    2.4966e-43    7.4480e-48    1.6225e-54    2.7597e-70    2.7303e-43    1.2885e-43    2.6087e-21    4.8668e-36    3.2694e-29    8.5527e-115    3.2474e-06    1.1933e-28    1.8992e-11    1.6403e-41    1.2202e-143    8.4130e-98    1.1780e-20    2.1452e-18    3.3873e-138    3.2515e-186    2.8472e-31    4.2488e-21    1.2441e-29    1.0323e-08    1.2751e-18    7.4977e-24    0.0000e+00    4.6036e-08    1.9164e-10    2.8259e-20    6.1541e-22    3.0458e-42    1.7422e-73    5.5510e-80    7.3979e-30    1.0639e-22    1.9364e-187    2.2728e-83    6.4680e-13    7.3363e-13    4.2035e-20    3.5066e-38    1.7600e-19    9.3957e-06    9.3922e-163    5.8900e-41    6.3177e-30    1.6038e-50    7.0233e-31    4.5330e-18    1.0340e-42    1.6700e-49    1.4265e-111    2.6724e-205    3.8042e-297    2.9988e-110    1.4412e-95    4.9991e-45    2.0883e-25    1.2021e-111    4.4012e-31    2.2334e-33    3.1655e-55    2.9940e-24    4.2830e-187    1.8107e-202    4.0499e-38    4.4310e-50    6.2882e-63    4.0020e-57    2.8970e-302    5.2833e-286    3.4621e-71    3.7911e-82    7.2520e-10    9.0582e-153    3.8059e-03    1.1049e-19    2.4823e-27    3.3467e-38    6.6172e-18    2.8212e-51    2.9649e-24    2.3242e-27    1.0086e-07    4.0361e-32
