0.0000e+00    1.9570e-01    3.5649e-08    2.9663e-07    9.7460e-21    9.0609e-06    4.7902e-04    2.0104e-09    3.6245e-06    1.6760e-03    2.4518e-11    5.4419e-11    1.0838e-04    8.0153e-10    2.5990e-24    5.8204e-09    4.9850e-34    1.5420e-33    1.1377e-09    4.9425e-14    2.2331e-109    5.8633e-64    1.0399e-19    5.5805e-36    2.5540e-08    1.2742e-10    2.3284e-29    3.0247e-45    6.5178e-42    3.2721e-65    1.2253e-21    3.9739e-35    4.7281e-17    4.7198e-14    2.9858e-16    6.5598e-07    4.5286e-41    9.2440e-35    3.3563e-72    2.4846e-76    1.6800e-163    2.8754e-229    4.4067e-21    1.6756e-13    5.5384e-08    3.5672e-36    5.3956e-21    5.9293e-14    8.4218e-08    3.0865e-05    3.9786e-03    5.2931e-05    2.6003e-40    2.1402e-10    3.9107e-50    5.3389e-56    2.3050e-32    5.8270e-21    5.1029e-05    3.6221e-25    1.8506e-02    3.9159e-05    3.8379e-40    2.6644e-10    1.2872e-08    2.7127e-07    9.7043e-10    3.7239e-18    7.7549e-44    1.3112e-17    5.0762e-10    3.1357e-05    2.0799e-06    2.4813e-05    2.2058e-118    2.1418e-122    3.8648e-12    2.4668e-16    6.3763e-35    3.2393e-66    1.4898e-18    3.0160e-17    3.7117e-09    3.0499e-12    1.3487e-16    6.2103e-16    8.2679e-12    2.5752e-14    5.3845e-24    8.2377e-11
1.9570e-01    0.0000e+00    1.1503e-06    1.3540e-04    1.5381e-26    2.9226e-08    3.8224e-02    2.8116e-06    1.5371e-06    1.7941e-03    2.6295e-10    1.4886e-08    1.1205e-04    1.8338e-08    2.5442e-25    2.0865e-08    1.1417e-36    2.0265e-33    7.5269e-10    2.6673e-13    1.1577e-115    7.4445e-66    7.3035e-21    1.1167e-36    5.0001e-09    6.4589e-12    2.1328e-31    2.6382e-48    7.7860e-43    2.1173e-65    4.3740e-24    2.1213e-39    5.4231e-16    2.6865e-13    2.5270e-17    3.5621e-08    1.3805e-44    8.8000e-34    1.0521e-75    1.0383e-77    1.1854e-172    1.4860e-243    5.2169e-24    3.9229e-14    1.2872e-10    5.0339e-44    4.7604e-20    1.0375e-14    4.4384e-09    1.1215e-04    9.1361e-04    6.4591e-03    4.7555e-48    2.6269e-13    8.9605e-50    5.1101e-53    3.4176e-39    2.9225e-24    9.0930e-05    8.9477e-26    5.0287e-02    2.0017e-03    1.6841e-45    6.6758e-10    1.9862e-09    1.6466e-05    8.1414e-10    1.1166e-21    4.9152e-48    7.5958e-23    4.3056e-12    3.5193e-06    7.4711e-05    1.4502e-04    8.2720e-122    2.8178e-124    8.5246e-15    2.1148e-19    1.7983e-33    6.8220e-66    1.2537e-22    7.6303e-21    6.3469e-09    1.1867e-10    3.3110e-17    2.8392e-16    3.4450e-12    6.3345e-12    3.9719e-24    7.3368e-11
3.5649e-08    1.1503e-06    0.0000e+00    1.9734e-04    1.0786e-65    9.7272e-23    1.6580e-08    1.1149e-09    2.3001e-20    2.3075e-13    8.5844e-24    7.9742e-20    1.7685e-17    3.5156e-04    1.8024e-54    1.6993e-20    3.1710e-73    4.7712e-59    6.2463e-14    3.5621e-23    1.7729e-196    4.1500e-119    8.7855e-13    4.0909e-23    1.5686e-24    2.2925e-32    1.4531e-72    3.8210e-106    9.7563e-74    1.7729e-103    1.2976e-61    3.0079e-81    1.8170e-36    1.9230e-31    3.2364e-39    4.3604e-19    2.3211e-95    4.2218e-68    4.7733e-139    6.1162e-138    1.5084e-298    0.0000e+00    1.1978e-31    1.9105e-19    3.8860e-19    1.1042e-51    1.3683e-45    3.2634e-36    5.2308e-09    5.8632e-10    1.4031e-13    2.4017e-11    1.5731e-59    4.7494e-19    3.2229e-77    4.1691e-77    2.3452e-31    4.0952e-20    3.4736e-07    1.3102e-11    2.6064e-11    3.1272e-10    3.4203e-40    1.1704e-18    5.7891e-23    4.5077e-20    1.5871e-23    2.9830e-39    7.8738e-38    4.1166e-36    1.7407e-31    3.0417e-15    1.8870e-06    3.1932e-07    5.0133e-81    1.1296e-84    3.8165e-24    7.4877e-28    2.8144e-60    1.1033e-112    4.7142e-49    2.7281e-34    2.9128e-20    3.4523e-21    4.8977e-47    1.0353e-32    3.0319e-31    5.7265e-28    2.2540e-55    2.0481e-32
2.9663e-07    1.3540e-04    1.9734e-04    0.0000e+00    7.5141e-60    3.4439e-23    3.2310e-03    3.9565e-02    2.0463e-15    4.8066e-09    1.7422e-12    5.2021e-08    2.5092e-10    1.8122e-06    2.3990e-37    9.9528e-14    5.9338e-61    5.0359e-43    4.5313e-16    1.0985e-20    9.7980e-151    6.9422e-85    7.4725e-27    1.1503e-44    7.5004e-15    8.4144e-25    7.1689e-55    4.1489e-79    4.2232e-49    3.2297e-72    1.0031e-44    8.6689e-73    8.9420e-21    7.8493e-19    6.6701e-25    2.6639e-15    5.6018e-70    2.1783e-49    3.2525e-101    3.5913e-101    2.0019e-232    0.0000e+00    1.9664e-41    2.0900e-23    2.5720e-24    5.1074e-76    9.8071e-27    5.7531e-25    3.6530e-17    3.9844e-11    1.6527e-12    6.2460e-07    2.2695e-83    1.3362e-27    3.3881e-51    4.8064e-51    2.7806e-59    3.1026e-38    5.2157e-10    1.2579e-28    9.8311e-07    2.0721e-03    3.2159e-69    1.6331e-18    6.6850e-21    1.9996e-10    1.1272e-18    1.2939e-40    3.7732e-67    6.9156e-47    6.0005e-23    3.3902e-11    7.1492e-03    6.9267e-06    3.9580e-137    1.2182e-132    1.7592e-30    7.8116e-37    4.3587e-44    1.6073e-83    1.8511e-46    6.3682e-40    8.3234e-16    3.6297e-15    1.6161e-31    8.1663e-28    2.7070e-18    2.8299e-13    2.5673e-35    1.4066e-19
9.7460e-21    1.5381e-26    1.0786e-65    7.5141e-60    0.0000e+00    7.5621e-05    6.7280e-34    1.8672e-56    1.4898e-09    2.3320e-16    3.4228e-34    8.4409e-39    5.8144e-19    8.9206e-68    8.4435e-29    1.1838e-21    1.5085e-18    2.6712e-38    1.1068e-25    9.2172e-18    1.6563e-109    8.1653e-69    4.0375e-53    4.6565e-68    6.4490e-19    2.7917e-10    1.5154e-18    6.7964e-29    5.5055e-58    6.1313e-92    1.3307e-17    2.5220e-13    9.9934e-31    2.8244e-26    2.8401e-32    1.3417e-26    3.1476e-45    9.0644e-65    6.0971e-79    1.9911e-95    4.2812e-148    2.3920e-174    5.3792e-16    4.8390e-26    1.1226e-12    4.9529e-17    1.9221e-33    1.0703e-17    8.5217e-27    7.5082e-29    4.2554e-12    1.2420e-27    1.4710e-16    1.8791e-15    2.3709e-79    1.4646e-102    8.2417e-38    3.0007e-29    8.6550e-24    1.3480e-79    3.3594e-19    7.9012e-35    4.5408e-29    2.2555e-17    7.1136e-14    4.2122e-23    2.0382e-14    5.8900e-11    1.2174e-43    1.4157e-08    1.0452e-22    4.2524e-28    3.7556e-52    1.8752e-40    1.1007e-153    3.2414e-180    2.0597e-11    3.2076e-14    1.0259e-32    9.0983e-68    3.9968e-04    2.3456e-08    7.2127e-17    4.4654e-25    4.8244e-19    4.4967e-19    2.8444e-29    6.2494e-42    4.8761e-31    2.5484e-18
9.0609e-06    2.9226e-08    9.7272e-23    3.4439e-23    7.5621e-05    0.0000e+00    1.1578e-13    1.1811e-25    2.5885e-04    1.3942e-05    7.3412e-21    9.7775e-22    4.1221e-09    3.0420e-23    1.4425e-26    2.2077e-11    2.5357e-22    1.3404e-35    3.4981e-09    6.6324e-10    6.0581e-112    1.3006e-68    1.1073e-20    5.3365e-32    3.3072e-12    8.7225e-08    2.3356e-21    1.9205e-34    3.2891e-53    1.2444e-83    4.4827e-18    1.8836e-17    2.2696e-23    7.6167e-19    6.3768e-25    1.8873e-14    1.2020e-43    8.2473e-51    7.0903e-78    6.9324e-89    2.1443e-158    5.1794e-202    2.7426e-10    5.9153e-12    3.0702e-04    1.1027e-15    4.5654e-28    2.6907e-14    6.3659e-09    2.0432e-11    5.3670e-03    1.7174e-11    1.6978e-16    6.3866e-06    1.1921e-69    1.5122e-84    3.6065e-22    1.0106e-13    1.4676e-06    1.2606e-32    1.5355e-06    4.2918e-15    5.7243e-21    1.1148e-07    1.4851e-06    1.8975e-12    3.7032e-08    1.7078e-09    1.1135e-26    2.9176e-05    1.8415e-15    1.0149e-13    7.5619e-20    1.9112e-14    1.1149e-106    8.6906e-123    1.2515e-05    3.4780e-08    9.0641e-32    4.6431e-67    3.2939e-06    5.1451e-06    1.9966e-08    1.0637e-13    1.1792e-16    3.0959e-13    5.3148e-21    6.1000e-28    3.2747e-28    1.2333e-13
4.7902e-04    3.8224e-02    1.6580e-08    3.2310e-03    6.7280e-34    1.1578e-13    0.0000e+00    8.3560e-03    2.8628e-08    6.5736e-05    1.5419e-06    1.1574e-04    4.7819e-04    1.0333e-09    4.2757e-22    5.8168e-08    7.4085e-38    2.1669e-29    4.0226e-13    5.5349e-15    6.7445e-108    2.6916e-58    1.3987e-28    9.5551e-46    1.0349e-08    3.4885e-13    5.4488e-31    3.3708e-47    1.0121e-36    1.1960e-57    2.4757e-23    1.2162e-42    2.1746e-11    3.5813e-10    1.8592e-14    6.5720e-09    4.1933e-46    6.9270e-35    2.3418e-71    4.1671e-75    1.3350e-173    5.0563e-247    1.0871e-29    2.4600e-16    2.0157e-16    3.6838e-58    4.6877e-16    1.0685e-13    2.7978e-15    6.8047e-08    2.2253e-06    2.3582e-03    2.3013e-62    6.2449e-20    2.0003e-43    4.9763e-46    1.9879e-53    2.7628e-34    8.8082e-08    1.7042e-32    1.0106e-02    4.3203e-02    3.0329e-59    1.0293e-11    1.5377e-10    1.6056e-03    1.2292e-10    1.2335e-25    7.8134e-63    1.0550e-32    2.9075e-12    2.2078e-06    1.6871e-03    2.2690e-04    1.6921e-141    3.7407e-137    7.6752e-21    3.4987e-26    3.1029e-29    1.3689e-57    1.5954e-27    1.0162e-26    1.2100e-09    9.2007e-10    3.1380e-15    7.4744e-16    7.7035e-11    2.8464e-08    1.7125e-20    2.2450e-09
2.0104e-09    2.8116e-06    1.1149e-09    3.9565e-02    1.8672e-56    1.1811e-25    8.3560e-03    0.0000e+00    4.8332e-16    2.3412e-10    8.5164e-08    1.9808e-04    1.2406e-08    1.3350e-11    1.3590e-28    4.1774e-13    1.7798e-54    2.9255e-35    3.5605e-21    2.8434e-23    1.3953e-120    8.9890e-65    5.9038e-39    6.6288e-61    1.3907e-12    1.2803e-22    2.4229e-45    1.0496e-63    2.0508e-36    2.3903e-55    3.4391e-35    1.4726e-66    1.1072e-13    1.0929e-13    1.4646e-17    8.3807e-14    1.9308e-57    3.7015e-42    6.6769e-80    1.0027e-82    7.6124e-197    2.5673e-287    5.2004e-48    3.0804e-27    1.0564e-28    3.0176e-88    2.0582e-18    1.4580e-20    3.3455e-24    1.3176e-14    2.2438e-14    3.9707e-08    2.8256e-95    1.2450e-33    5.1529e-39    9.9982e-40    2.9912e-75    1.6154e-50    9.6273e-15    7.0996e-41    3.5687e-07    5.6338e-03    1.0272e-86    4.3839e-21    7.8093e-21    1.2171e-07    9.6837e-19    4.7913e-42    1.6068e-87    4.0751e-53    1.9098e-18    4.7750e-10    1.2214e-03    1.6768e-07    5.2019e-170    3.3580e-158    1.7933e-35    9.3764e-43    3.5753e-37    5.6884e-66    1.7838e-45    2.9788e-44    1.0799e-16    2.4333e-15    1.7075e-23    4.7573e-26    2.4533e-13    3.7308e-08    1.8038e-25    1.1406e-14
3.6245e-06    1.5371e-06    2.3001e-20    2.0463e-15    1.4898e-09    2.5885e-04    2.8628e-08    4.8332e-16    0.0000e+00    1.0889e-01    3.9987e-12    1.6329e-10    4.0824e-04    1.1863e-16    2.9032e-16    9.3935e-04    1.0277e-13    1.0567e-21    1.2995e-05    4.1715e-04    5.8363e-97    6.8661e-52    2.3690e-23    7.0519e-35    2.6248e-06    3.2718e-03    1.4508e-12    5.5516e-23    4.6745e-40    3.2853e-67    3.4207e-11    1.0320e-12    3.6081e-12    3.3712e-09    2.7452e-19    7.3902e-16    5.3506e-37    2.2698e-44    2.8874e-63    9.3404e-73    1.0133e-137    1.1324e-175    2.5608e-10    1.3962e-08    3.9157e-08    5.7010e-30    4.0262e-16    9.2435e-07    1.6140e-15    5.4257e-14    4.8200e-03    1.0446e-07    2.3762e-30    5.3039e-12    3.0768e-54    1.1863e-67    3.6721e-38    2.7425e-23    1.0811e-06    3.1155e-36    3.5087e-03    3.4418e-08    2.3028e-34    2.2408e-04    7.9044e-04    1.9912e-05    1.1603e-02    1.2204e-07    8.5873e-37    3.3563e-15    4.0963e-15    3.2401e-13    1.1003e-12    2.0198e-09    1.2223e-133    1.3721e-143    4.9326e-10    1.1022e-14    1.0357e-16    3.7853e-47    2.0626e-05    9.6294e-07    2.0498e-02    5.2532e-05    1.1601e-08    1.9976e-06    3.9489e-15    2.8897e-17    3.5927e-17    1.6879e-06
1.6760e-03    1.7941e-03    2.3075e-13    4.8066e-09    2.3320e-16    1.3942e-05    6.5736e-05    2.3412e-10    1.0889e-01    0.0000e+00    1.0292e-09    1.3707e-07    5.2761e-03    1.7098e-10    1.6688e-17    1.6959e-03    3.4626e-20    3.0681e-23    3.2019e-05    5.1322e-06    2.9406e-101    3.0111e-54    9.8170e-21    2.4433e-34    5.0559e-05    7.1099e-05    3.8705e-18    1.3696e-30    6.4756e-38    4.0458e-63    9.6155e-15    4.5120e-22    8.9862e-12    7.0377e-09    2.1285e-17    2.8107e-13    4.8838e-38    2.2461e-39    7.1041e-65    3.8363e-71    4.4654e-145    3.9727e-194    1.5961e-14    1.3793e-09    6.6277e-09    1.8049e-36    1.9741e-15    7.7128e-08    1.3357e-13    9.2774e-11    5.3926e-03    2.7520e-05    1.8528e-38    7.6801e-13    5.4150e-49    1.2608e-58    7.0557e-39    7.4782e-24    2.5157e-05    4.7921e-31    1.1251e-01    1.5644e-04    9.9187e-40    8.8106e-06    2.1980e-05    1.3808e-04    5.6758e-04    1.5647e-11    1.9352e-40    1.3657e-18    7.0073e-14    3.5861e-10    1.4671e-07    5.9019e-06    1.1938e-133    2.2461e-140    2.4366e-12    1.3336e-17    1.1371e-20    1.5944e-51    1.0143e-10    6.7653e-11    2.6350e-03    2.6099e-05    7.5348e-11    5.4937e-09    1.8929e-12    2.4771e-13    7.9462e-18    1.2277e-06
2.4518e-11    2.6295e-10    8.5844e-24    1.7422e-12    3.4228e-34    7.3412e-21    1.5419e-06    8.5164e-08    3.9987e-12    1.0292e-09    0.0000e+00    7.5051e-03    1.9364e-03    2.5030e-20    4.6978e-07    1.1102e-06    4.0395e-24    2.2408e-12    4.2134e-21    1.7734e-20    1.2791e-62    4.4790e-29    3.7657e-49    8.8026e-71    1.5410e-06    5.3426e-10    4.0069e-17    3.0746e-26    1.4962e-17    1.6591e-39    1.5422e-10    1.0815e-30    6.6986e-03    1.6585e-02    3.6598e-06    1.0181e-10    5.2347e-37    4.9729e-43    3.6297e-48    8.7831e-64    2.2445e-129    7.2181e-175    9.8589e-32    2.2449e-18    2.4325e-22    5.2975e-68    8.7477e-08    1.6641e-05    1.1724e-31    7.3239e-24    1.2029e-13    3.1414e-14    9.0117e-73    6.4373e-29    4.5976e-32    3.4596e-43    3.3239e-71    1.4857e-53    1.6449e-20    1.0092e-54    5.3953e-08    9.9770e-08    6.4538e-80    2.2308e-18    7.1710e-11    1.9788e-05    1.1889e-10    1.0535e-20    3.2296e-88    2.5314e-42    3.7844e-09    2.0208e-07    5.5822e-08    9.9744e-09    2.0681e-198    8.5509e-182    1.6941e-28    1.8160e-36    5.0431e-17    1.2493e-28    8.3859e-26    5.8029e-28    3.7836e-11    4.6474e-11    1.8617e-06    1.6757e-11    1.6773e-08    5.8327e-08    3.8233e-08    2.0052e-04
5.4419e-11    1.4886e-08    7.9742e-20    5.2021e-08    8.4409e-39    9.7775e-22    1.1574e-04    1.9808e-04    1.6329e-10    1.3707e-07    7.5051e-03    0.0000e+00    2.5615e-04    1.3784e-16    5.9451e-12    5.5857e-06    7.4658e-29    6.8480e-16    4.7426e-18    2.2616e-17    3.5171e-80    4.3011e-37    5.2540e-45    8.4604e-66    7.2186e-07    2.2852e-11    2.2729e-21    6.6625e-31    1.5208e-22    1.1225e-41    6.3006e-16    1.0940e-37    2.2110e-04    1.7325e-04    3.8563e-11    7.1153e-15    6.4978e-37    1.2059e-34    4.8580e-52    2.0233e-58    3.6841e-131    2.8623e-182    3.0519e-35    2.8894e-20    1.9105e-24    1.5258e-76    2.9299e-07    2.3529e-08    1.0322e-30    2.3872e-20    3.8068e-13    1.7357e-09    1.5006e-80    2.1221e-31    1.0479e-30    2.4695e-36    1.4015e-76    1.2681e-53    4.7838e-18    4.6873e-52    1.8249e-06    2.1241e-04    9.2018e-83    2.0279e-16    1.4605e-13    7.5919e-04    2.5972e-10    1.1413e-25    2.3743e-85    7.2094e-47    1.6861e-14    5.1275e-11    1.1288e-06    1.0625e-08    3.7272e-195    3.7219e-183    7.0248e-31    1.5822e-39    3.0846e-18    1.9415e-35    2.6366e-29    2.4113e-31    4.9762e-10    1.7566e-08    2.6962e-09    5.8235e-14    9.7850e-09    2.0289e-04    2.6668e-10    2.0411e-05
1.0838e-04    1.1205e-04    1.7685e-17    2.5092e-10    5.8144e-19    4.1221e-09    4.7819e-04    1.2406e-08    4.0824e-04    5.2761e-03    1.9364e-03    2.5615e-04    0.0000e+00    1.0594e-14    1.0003e-09    3.7170e-03    9.7620e-19    3.2122e-16    4.6020e-11    6.2809e-11    3.0532e-77    4.9526e-39    3.8566e-32    3.3142e-49    9.2289e-04    1.4277e-04    6.2395e-14    1.1182e-24    3.6904e-26    2.7916e-50    8.9222e-09    3.9639e-21    1.8262e-05    1.0749e-03    1.0541e-08    4.0006e-08    3.8918e-34    1.6515e-40    1.0386e-53    1.2593e-66    8.0333e-135    1.8139e-180    4.6175e-19    5.9114e-11    1.2031e-11    1.0948e-44    5.8881e-10    3.8894e-04    1.1330e-18    8.2252e-15    6.7218e-05    3.3424e-08    8.5632e-48    2.2681e-16    6.1813e-40    2.0139e-52    3.7100e-49    5.8965e-34    3.9322e-10    2.3889e-40    1.7686e-02    6.7293e-05    4.6114e-53    4.0212e-09    1.1633e-04    4.9372e-03    1.2107e-04    3.4792e-12    3.3582e-59    8.5615e-25    2.0282e-07    1.6570e-05    1.2855e-06    1.8115e-05    2.0341e-157    6.3858e-154    1.5360e-15    1.7985e-21    5.5172e-17    4.3548e-38    9.0177e-14    2.2047e-15    8.5184e-05    2.0829e-06    2.0407e-05    2.6300e-07    3.3461e-08    5.9734e-10    1.2603e-10    4.6121e-03
8.0153e-10    1.8338e-08    3.5156e-04    1.8122e-06    8.9206e-68    3.0420e-23    1.0333e-09    1.3350e-11    1.1863e-16    1.7098e-10    2.5030e-20    1.3784e-16    1.0594e-14    0.0000e+00    1.4719e-47    8.8909e-13    3.8961e-62    4.2352e-46    6.1096e-07    2.4472e-15    1.1964e-198    1.6016e-116    1.1346e-09    3.7316e-15    1.0319e-22    2.7307e-27    2.4410e-65    5.2493e-100    6.3919e-74    4.9747e-116    1.2265e-58    3.2347e-71    1.4506e-32    2.1840e-25    1.4888e-41    6.2808e-23    9.0799e-108    2.0322e-90    1.7196e-151    5.4495e-160    2.0933e-313    0.0000e+00    3.0264e-18    2.8844e-09    8.3723e-16    3.8461e-44    3.0656e-45    2.7128e-29    5.1259e-12    5.9934e-18    3.0083e-13    3.7334e-14    4.4820e-51    1.3370e-16    1.6976e-89    4.2912e-98    2.7823e-28    1.3525e-18    3.7421e-07    2.4421e-11    4.2926e-11    4.2193e-12    6.8139e-31    3.8440e-13    7.8767e-18    3.3732e-19    7.9435e-16    1.0170e-27    2.0360e-26    2.3047e-36    1.8365e-35    2.6538e-17    1.1837e-04    6.5424e-04    3.3280e-82    4.3771e-87    4.2558e-20    2.7096e-25    7.0609e-47    4.7609e-100    6.0028e-45    6.6004e-25    2.4352e-12    2.7854e-12    2.3182e-44    1.5481e-23    4.4734e-36    7.2885e-32    8.5431e-53    1.3164e-29
2.5990e-24    2.5442e-25    1.8024e-54    2.3990e-37    8.4435e-29    1.4425e-26    4.2757e-22    1.3590e-28    2.9032e-16    1.6688e-17    4.6978e-07    5.9451e-12    1.0003e-09    1.4719e-47    0.0000e+00    5.1515e-11    2.6449e-11    1.3896e-04    2.6662e-32    6.3624e-26    1.9445e-36    3.6109e-13    5.2099e-75    2.1680e-100    4.6168e-09    1.6270e-08    3.6824e-05    3.6231e-07    3.5154e-12    2.3292e-38    2.0686e-02    5.0824e-19    6.0795e-04    1.6596e-03    2.6867e-09    4.2685e-23    2.3722e-33    2.9914e-60    1.5723e-36    4.2029e-63    1.0026e-94    9.9669e-107    5.2555e-36    5.3830e-28    2.6424e-31    2.7032e-75    3.9709e-07    2.9881e-03    1.0600e-51    1.2971e-44    1.7701e-23    2.5300e-30    3.3201e-78    8.6751e-41    2.3613e-36    5.1263e-59    1.8099e-91    8.9556e-73    1.7408e-36    2.4194e-91    1.8535e-18    2.6913e-22    4.9310e-96    8.3690e-27    3.0437e-16    2.2026e-13    6.7260e-14    4.7046e-19    4.3397e-107    6.3399e-49    2.3168e-15    6.8937e-20    1.8358e-28    4.1014e-26    1.2811e-257    7.0377e-244    2.8269e-37    1.6333e-47    2.3853e-09    2.6438e-12    1.7306e-21    2.4199e-29    3.3759e-16    7.9976e-17    3.9297e-03    3.5746e-13    1.6456e-14    3.1150e-18    2.9165e-03    8.7271e-05
5.8204e-09    2.0865e-08    1.6993e-20    9.9528e-14    1.1838e-21    2.2077e-11    5.8168e-08    4.1774e-13    9.3935e-04    1.6959e-03    1.1102e-06    5.5857e-06    3.7170e-03    8.8909e-13    5.1515e-11    0.0000e+00    7.3992e-13    5.0252e-12    1.6439e-06    4.1730e-06    2.9002e-91    1.1757e-45    3.0693e-28    1.8278e-39    8.3173e-07    1.1448e-03    6.3900e-12    1.4582e-23    7.9925e-35    6.3548e-68    3.5050e-11    2.3988e-15    4.4633e-08    1.6777e-04    5.6904e-18    2.5944e-17    2.5571e-49    9.0658e-62    8.4844e-71    3.7344e-89    5.4756e-157    6.7193e-195    1.8468e-10    5.7713e-06    1.5038e-11    6.8247e-39    1.4733e-14    3.8762e-04    2.5677e-22    1.4680e-22    2.9510e-07    2.3588e-12    5.4286e-40    7.3193e-17    4.2508e-57    3.6107e-75    3.0416e-47    3.6305e-32    5.1951e-11    4.8155e-39    2.6807e-05    3.8378e-09    2.1751e-44    6.4246e-06    3.2982e-04    9.7173e-06    5.5590e-02    4.4069e-07    9.2584e-46    3.2988e-25    5.0980e-17    3.5547e-13    1.3852e-08    2.0212e-06    4.9719e-151    9.3741e-153    5.9107e-15    8.1039e-22    6.2096e-11    3.3984e-35    1.3904e-11    5.3125e-10    5.6710e-02    4.9722e-02    1.1795e-07    7.1748e-04    1.5590e-17    1.0663e-17    3.5910e-14    8.4532e-06
4.9850e-34    1.1417e-36    3.1710e-73    5.9338e-61    1.5085e-18    2.5357e-22    7.4085e-38    1.7798e-54    1.0277e-13    3.4626e-20    4.0395e-24    7.4658e-29    9.7620e-19    3.8961e-62    2.6449e-11    7.3992e-13    0.0000e+00    3.3233e-09    3.2320e-26    2.5713e-15    2.8369e-78    2.0151e-40    1.4250e-68    2.7038e-82    5.7387e-19    1.1250e-06    2.2560e-02    7.0500e-07    1.7909e-44    6.1559e-97    1.2111e-08    3.8354e-04    2.7775e-18    4.8424e-13    6.3749e-35    9.4394e-44    6.3265e-73    2.0210e-122    1.2070e-86    1.7599e-133    5.5760e-169    7.0821e-164    5.6980e-19    5.2654e-24    2.2726e-27    4.5447e-50    3.0345e-27    1.1390e-07    9.0022e-53    1.0823e-59    7.9011e-25    1.9164e-43    2.3231e-47    5.4206e-36    2.6392e-94    1.6251e-137    1.4806e-76    2.9253e-58    7.6839e-36    3.8977e-96    3.6584e-26    1.0557e-39    2.1390e-63    1.4359e-19    1.8683e-15    2.3473e-24    1.5457e-10    2.0335e-09    2.3052e-69    2.7847e-35    2.8368e-36    9.7420e-40    1.0799e-47    1.1197e-38    1.1350e-223    3.2589e-236    4.3600e-30    5.2466e-39    2.8790e-05    1.7300e-22    4.7406e-09    3.7733e-14    2.0198e-13    1.9720e-14    3.0601e-11    1.6878e-10    1.9477e-41    3.3404e-49    3.5326e-19    1.5976e-14
1.5420e-33    2.0265e-33    4.7712e-59    5.0359e-43    2.6712e-38    1.3404e-35    2.1669e-29    2.9255e-35    1.0567e-21    3.0681e-23    2.2408e-12    6.8480e-16    3.2122e-16    4.2352e-46    1.3896e-04    5.0252e-12    3.3233e-09    0.0000e+00    1.5868e-31    7.1208e-27    1.3483e-50    6.1173e-21    9.1134e-76    6.2691e-94    2.6213e-18    6.0001e-12    5.9747e-06    8.4176e-08    3.3496e-25    1.2590e-63    2.1009e-08    8.4581e-16    1.1534e-09    1.6626e-07    1.9129e-23    4.0247e-37    1.2808e-58    1.7356e-95    8.4726e-62    6.0704e-99    2.0079e-130    2.1086e-132    3.5606e-30    4.2213e-25    2.0511e-35    4.1162e-75    3.4966e-16    2.0112e-07    7.3167e-61    2.1958e-59    2.0874e-31    1.0038e-40    1.4134e-74    1.0995e-45    5.5391e-63    1.8877e-94    1.4998e-95    5.0053e-77    1.5597e-42    1.0206e-91    2.0539e-26    2.3717e-31    9.8508e-93    7.1036e-27    1.3045e-19    1.4302e-20    5.1241e-15    9.4214e-17    1.2359e-98    5.2407e-56    1.2494e-30    3.4106e-32    4.4663e-32    2.8382e-29    1.4223e-254    8.3901e-242    2.9887e-42    4.0192e-54    6.2309e-06    1.1994e-06    1.2392e-25    1.2862e-28    5.5687e-18    9.9426e-15    1.5981e-08    4.4266e-12    1.4414e-30    1.1778e-31    7.8064e-10    8.4544e-12
1.1377e-09    7.5269e-10    6.2463e-14    4.5313e-16    1.1068e-25    3.4981e-09    4.0226e-13    3.5605e-21    1.2995e-05    3.2019e-05    4.2134e-21    4.7426e-18    4.6020e-11    6.1096e-07    2.6662e-32    1.6439e-06    3.2320e-26    1.5868e-31    0.0000e+00    8.2168e-04    1.6504e-153    5.2585e-88    8.1210e-10    1.2407e-14    2.4304e-17    6.6323e-11    5.6107e-30    1.0581e-49    9.7594e-69    3.1358e-114    8.3381e-31    7.4202e-26    7.8659e-26    3.8229e-19    3.0785e-39    7.5791e-26    1.4330e-82    1.2181e-92    3.3805e-120    7.4369e-140    3.1591e-238    8.1428e-296    1.6896e-04    3.8031e-04    2.2729e-07    3.4128e-23    2.7515e-36    3.3764e-17    4.1629e-12    4.4075e-21    1.3721e-06    1.7835e-15    6.5470e-24    1.2871e-09    2.9275e-96    1.8698e-118    5.2163e-25    1.4287e-13    1.8127e-04    2.1518e-19    1.8246e-08    2.0620e-15    1.6345e-19    3.5288e-03    2.9352e-07    8.0876e-15    1.7465e-05    1.4142e-09    3.3721e-16    7.7291e-16    2.2476e-31    1.4177e-21    9.8444e-12    1.0232e-07    2.5698e-96    2.4322e-110    1.2906e-09    5.4057e-14    3.3164e-26    7.7880e-69    6.1199e-14    4.8465e-06    3.2814e-04    4.3236e-05    1.3433e-24    6.0857e-10    1.2626e-35    8.7192e-37    2.3966e-37    1.5803e-19
4.9425e-14    2.6673e-13    3.5621e-23    1.0985e-20    9.2172e-18    6.6324e-10    5.5349e-15    2.8434e-23    4.1715e-04    5.1322e-06    1.7734e-20    2.2616e-17    6.2809e-11    2.4472e-15    6.3624e-26    4.1730e-06    2.5713e-15    7.1208e-27    8.2168e-04    0.0000e+00    1.8406e-128    1.3099e-71    1.0525e-18    8.4392e-23    2.3119e-15    2.7372e-08    1.0189e-18    9.8187e-33    7.0435e-60    1.1109e-99    1.4869e-21    1.2582e-13    1.8331e-20    2.7552e-15    1.7560e-35    9.3384e-29    1.0264e-67    1.0911e-83    2.7230e-97    2.4676e-117    7.6744e-196    1.4287e-234    3.7058e-06    1.2443e-06    9.7680e-12    2.8211e-28    1.9796e-29    9.0611e-13    2.7991e-19    3.3027e-25    1.1785e-07    5.0749e-16    4.6378e-27    4.0216e-15    2.9954e-85    5.1067e-108    5.3691e-38    2.1559e-21    8.7061e-08    5.7536e-32    6.0737e-09    5.9407e-16    2.3911e-26    1.8160e-03    3.4851e-06    2.5556e-12    3.6229e-04    3.3424e-09    7.4626e-25    2.1707e-18    4.7911e-30    1.7892e-24    2.5335e-16    5.0211e-12    6.5206e-118    3.6904e-132    4.3683e-12    4.1346e-16    4.9441e-16    3.7330e-55    4.2518e-08    1.1979e-05    7.1310e-03    1.6456e-04    1.4017e-17    3.6493e-07    1.0774e-32    8.4935e-34    5.7258e-30    1.7223e-15
2.2331e-109    1.1577e-115    1.7729e-196    9.7980e-151    1.6563e-109    6.0581e-112    6.7445e-108    1.3953e-120    5.8363e-97    2.9406e-101    1.2791e-62    3.5171e-80    3.0532e-77    1.1964e-198    1.9445e-36    2.9002e-91    2.8369e-78    1.3483e-50    1.6504e-153    1.8406e-128    0.0000e+00    4.1586e-09    3.8394e-251    0.0000e+00    1.0171e-61    3.8920e-75    3.1083e-58    4.4491e-47    5.4022e-13    1.7820e-16    6.0854e-45    3.4535e-111    1.4016e-48    7.1315e-56    1.9786e-39    3.6907e-85    2.6619e-49    1.4083e-80    2.2754e-21    1.4234e-47    1.2380e-43    6.2551e-44    1.3760e-172    4.6229e-149    1.8483e-135    2.2809e-241    1.3480e-40    1.5469e-56    1.3982e-172    2.4797e-138    6.4614e-113    9.2801e-118    2.1083e-257    1.1722e-156    5.3440e-27    1.0144e-43    1.6137e-261    6.1542e-230    6.4711e-150    2.3094e-289    1.6862e-99    1.4125e-102    5.6536e-302    1.8421e-137    5.2909e-104    2.6736e-82    1.4298e-99    2.9354e-116    0.0000e+00    1.2900e-162    8.7454e-61    6.0763e-85    9.3222e-136    2.3972e-132    0.0000e+00    0.0000e+00    1.9474e-149    4.0315e-169    5.0224e-70    1.8516e-36    4.9717e-105    3.5342e-141    1.1684e-105    1.8390e-112    1.6844e-51    1.1216e-99    3.0137e-51    7.5198e-62    1.3676e-34    3.6439e-55
5.8633e-64    7.4445e-66    4.1500e-119    6.9422e-85    8.1653e-69    1.3006e-68    2.6916e-58    8.9890e-65    6.8661e-52    3.0111e-54    4.4790e-29    4.3011e-37    4.9526e-39    1.6016e-116    3.6109e-13    1.1757e-45    2.0151e-40    6.1173e-21    5.2585e-88    1.3099e-71    4.1586e-09    0.0000e+00    6.2873e-161    2.5769e-212    4.1998e-30    7.1737e-38    5.7160e-26    6.9329e-18    6.3612e-04    9.0296e-13    5.0924e-19    1.8178e-62    9.3675e-19    6.1064e-24    3.9302e-20    2.4277e-53    1.2845e-28    1.2148e-52    4.2409e-13    9.0971e-32    1.8936e-38    1.4603e-39    1.5705e-104    1.8144e-86    1.4044e-83    2.5299e-167    3.8486e-14    1.7476e-25    6.8919e-112    2.9310e-86    3.2799e-65    4.0766e-66    1.9965e-175    4.7870e-100    1.4944e-16    1.2940e-30    1.4495e-184    1.8790e-153    1.5705e-89    4.5689e-188    8.4191e-54    3.4200e-54    6.9726e-205    3.2197e-77    5.7807e-58    8.7683e-41    5.3492e-52    5.8741e-67    2.3844e-224    6.7474e-110    1.1382e-36    7.5031e-51    9.8381e-76    9.3902e-75    0.0000e+00    0.0000e+00    1.3933e-94    1.1481e-110    4.6688e-32    8.2896e-15    1.2862e-61    3.7292e-85    5.3575e-56    1.2215e-57    1.7443e-21    1.9452e-52    8.5046e-26    9.5715e-29    7.0178e-11    4.1670e-24
1.0399e-19    7.3035e-21    8.7855e-13    7.4725e-27    4.0375e-53    1.1073e-20    1.3987e-28    5.9038e-39    2.3690e-23    9.8170e-21    3.7657e-49    5.2540e-45    3.8566e-32    1.1346e-09    5.2099e-75    3.0693e-28    1.4250e-68    9.1134e-76    8.1210e-10    1.0525e-18    3.8394e-251    6.2873e-161    0.0000e+00    2.3000e-02    5.4321e-43    2.7410e-37    3.5628e-76    3.1849e-112    7.2835e-123    7.9036e-182    4.5858e-74    1.8852e-67    1.4555e-61    1.8421e-50    2.9938e-73    2.8833e-40    7.0832e-141    1.2287e-138    2.0592e-201    5.2481e-221    0.0000e+00    0.0000e+00    2.1377e-17    1.1716e-16    1.3190e-15    3.5912e-23    2.7294e-78    1.4042e-48    5.1751e-08    3.8920e-27    1.4300e-17    9.3062e-30    9.5703e-28    5.0047e-13    3.5779e-153    4.0145e-176    1.5216e-10    1.0419e-04    5.3441e-08    6.6731e-05    9.2491e-24    2.6959e-33    8.6536e-10    2.0736e-16    3.5584e-25    1.6575e-38    8.9368e-26    2.1623e-32    8.8468e-05    2.8112e-21    1.5830e-55    1.7785e-36    2.0205e-23    4.6994e-18    1.0228e-46    8.1814e-66    4.2942e-16    3.9140e-17    7.5280e-67    1.5902e-136    1.1550e-38    1.5421e-21    4.3539e-22    1.7926e-25    1.3013e-62    3.1947e-35    3.6430e-67    3.7888e-70    1.0946e-82    8.7703e-51
5.5805e-36    1.1167e-36    4.0909e-23    1.1503e-44    4.6565e-68    5.3365e-32    9.5551e-46    6.6288e-61    7.0519e-35    2.4433e-34    8.8026e-71    8.4604e-66    3.3142e-49    3.7316e-15    2.1680e-100    1.8278e-39    2.7038e-82    6.2691e-94    1.2407e-14    8.4392e-23    0.0000e+00    2.5769e-212    2.3000e-02    0.0000e+00    5.8073e-69    7.0838e-52    2.3082e-94    8.7051e-138    6.6124e-177    1.4714e-267    7.5244e-99    7.4914e-78    2.1473e-85    1.4681e-69    3.2837e-110    4.5929e-62    7.3355e-211    1.2133e-216    1.5230e-288    0.0000e+00    0.0000e+00    0.0000e+00    1.0538e-21    4.1378e-21    1.2598e-22    4.6445e-29    1.7578e-113    6.0757e-67    6.5168e-14    4.0077e-46    5.7745e-28    8.6593e-48    1.0701e-33    1.0752e-18    9.9865e-236    2.8454e-274    4.4184e-15    1.8128e-07    1.6988e-14    5.8560e-05    1.8593e-39    2.8900e-56    1.4112e-11    1.2631e-20    1.5776e-33    4.3945e-56    4.3856e-34    9.9681e-42    2.6097e-06    8.2702e-29    1.3116e-84    4.5028e-58    1.8213e-36    1.2658e-27    9.5580e-42    2.7512e-59    1.9085e-21    3.1793e-21    1.1042e-77    1.2732e-160    1.7549e-49    8.4030e-28    9.8767e-30    3.3069e-32    6.3757e-84    9.3778e-43    5.9653e-108    3.6343e-109    1.4267e-114    1.2909e-73
2.5540e-08    5.0001e-09    1.5686e-24    7.5004e-15    6.4490e-19    3.3072e-12    1.0349e-08    1.3907e-12    2.6248e-06    5.0559e-05    1.5410e-06    7.2186e-07    9.2289e-04    1.0319e-22    4.6168e-09    8.3173e-07    5.7387e-19    2.6213e-18    2.4304e-17    2.3119e-15    1.0171e-61    4.1998e-30    5.4321e-43    5.8073e-69    0.0000e+00    1.9668e-05    6.1053e-13    7.6447e-19    3.3051e-18    2.7342e-37    5.2404e-07    9.3950e-28    3.1455e-06    1.4899e-05    2.8786e-08    1.2811e-14    4.9963e-23    3.9610e-33    8.2615e-37    2.8905e-47    1.7417e-97    3.9146e-131    6.9249e-35    2.9505e-24    3.5959e-21    1.4911e-66    3.3095e-07    5.8732e-05    2.8853e-28    5.6699e-20    2.7295e-10    3.4078e-12    2.6938e-71    1.6353e-28    7.9236e-29    7.6108e-40    1.6274e-67    1.3755e-47    4.8924e-16    3.9796e-56    1.5298e-05    4.1903e-06    8.2200e-79    8.0054e-18    1.6331e-12    2.1435e-06    2.9550e-10    9.3050e-22    5.2594e-81    5.1765e-33    4.9557e-10    7.8587e-11    9.1365e-13    5.1225e-13    1.1103e-204    2.7186e-201    1.3263e-27    1.3846e-35    2.0834e-19    3.2601e-38    4.9804e-15    1.7017e-24    6.2815e-10    1.1231e-12    1.9079e-06    6.8522e-16    5.7096e-06    3.7258e-09    2.3592e-08    2.6266e-03
1.2742e-10    6.4589e-12    2.2925e-32    8.4144e-25    2.7917e-10    8.7225e-08    3.4885e-13    1.2803e-22    3.2718e-03    7.1099e-05    5.3426e-10    2.2852e-11    1.4277e-04    2.7307e-27    1.6270e-08    1.1448e-03    1.1250e-06    6.0001e-12    6.6323e-11    2.7372e-08    3.8920e-75    7.1737e-38    2.7410e-37    7.0838e-52    1.9668e-05    0.0000e+00    2.4480e-05    1.4652e-12    2.2367e-31    2.2963e-63    5.2416e-05    3.1936e-08    3.6133e-09    5.5735e-06    9.3957e-17    5.9027e-19    1.4107e-38    7.8349e-59    5.2250e-58    3.5909e-78    2.6497e-127    6.2565e-150    4.9220e-12    2.3479e-11    1.4586e-11    1.1252e-35    1.7510e-13    6.6121e-03    2.5210e-25    1.1170e-24    7.3645e-08    5.1916e-16    8.9659e-36    2.1218e-17    3.5139e-55    3.1067e-76    3.5643e-48    4.9758e-34    2.4962e-14    4.3722e-53    2.7081e-07    1.2437e-13    1.3259e-45    2.2347e-08    4.5816e-05    5.1729e-08    2.5122e-03    2.9453e-05    5.7426e-50    1.4924e-19    1.5276e-15    7.0634e-16    4.5072e-19    8.2606e-15    4.3374e-167    5.8811e-174    1.8193e-15    3.0832e-22    3.1768e-11    5.4299e-32    5.4191e-05    1.0064e-07    1.1594e-04    2.6365e-06    4.5865e-05    2.0026e-05    2.1428e-16    1.2750e-20    2.6601e-11    1.7442e-04
2.3284e-29    2.1328e-31    1.4531e-72    7.1689e-55    1.5154e-18    2.3356e-21    5.4488e-31    2.4229e-45    1.4508e-12    3.8705e-18    4.0069e-17    2.2729e-21    6.2395e-14    2.4410e-65    3.6824e-05    6.3900e-12    2.2560e-02    5.9747e-06    5.6107e-30    1.0189e-18    3.1083e-58    5.7160e-26    3.5628e-76    2.3082e-94    6.1053e-13    2.4480e-05    0.0000e+00    1.2371e-03    3.9595e-27    2.9831e-60    2.4941e-03    2.4126e-06    1.8363e-10    3.9274e-08    4.8896e-21    5.5254e-33    1.3030e-40    1.8682e-69    4.0790e-52    1.0555e-77    7.4128e-109    1.8098e-112    6.0024e-23    1.9208e-25    6.7749e-27    1.5174e-54    2.0682e-13    4.3349e-04    2.8057e-52    1.0879e-47    1.8869e-22    1.0353e-32    1.9887e-53    9.0515e-36    3.0157e-56    6.6488e-82    3.3534e-81    1.9993e-63    5.4412e-37    1.2973e-102    1.2405e-21    2.4620e-31    6.0460e-72    2.5143e-21    2.8276e-14    1.2942e-16    2.6660e-10    3.4519e-10    4.2277e-83    1.8001e-37    2.7402e-24    1.2627e-30    7.0114e-45    3.3150e-37    2.7378e-239    6.4522e-245    7.5426e-30    5.2684e-39    2.6460e-05    3.1513e-17    5.1965e-11    2.5181e-17    1.3942e-13    2.2715e-15    6.0815e-05    6.8769e-10    1.4861e-23    3.8066e-28    1.2137e-08    1.5527e-07
3.0247e-45    2.6382e-48    3.8210e-106    4.1489e-79    6.7964e-29    1.9205e-34    3.3708e-47    1.0496e-63    5.5516e-23    1.3696e-30    3.0746e-26    6.6625e-31    1.1182e-24    5.2493e-100    3.6231e-07    1.4582e-23    7.0500e-07    8.4176e-08    1.0581e-49    9.8187e-33    4.4491e-47    6.9329e-18    3.1849e-112    8.7051e-138    7.6447e-19    1.4652e-12    1.2371e-03    0.0000e+00    1.2724e-20    1.7649e-44    1.9349e-06    3.1195e-15    4.1386e-14    1.1083e-14    5.1772e-25    8.9661e-47    2.5163e-30    1.6177e-59    6.0282e-35    6.7169e-54    2.0781e-73    8.0416e-73    3.7026e-42    5.0884e-46    1.4905e-43    2.2581e-81    1.3258e-11    8.9286e-10    6.2882e-77    2.8982e-64    2.4022e-37    5.5278e-46    6.2071e-80    7.0158e-56    2.4351e-41    6.5983e-64    5.1701e-114    1.2327e-92    9.1547e-59    7.4606e-148    1.8266e-34    2.2930e-44    6.9461e-105    1.1594e-37    1.1302e-28    7.8274e-26    1.2546e-21    2.0036e-22    7.0944e-119    2.2336e-56    5.4777e-33    4.2757e-45    6.9127e-69    2.1905e-60    2.0851e-311    2.4359e-317    6.6084e-49    7.8687e-61    3.3253e-09    1.2998e-13    4.7704e-21    5.0100e-32    2.0117e-26    9.5149e-29    6.0652e-09    2.9688e-21    4.8096e-25    1.2377e-29    1.1733e-07    4.8416e-12
6.5178e-42    7.7860e-43    9.7563e-74    4.2232e-49    5.5055e-58    3.2891e-53    1.0121e-36    2.0508e-36    4.6745e-40    6.4756e-38    1.4962e-17    1.5208e-22    3.6904e-26    6.3919e-74    3.5154e-12    7.9925e-35    1.7909e-44    3.3496e-25    9.7594e-69    7.0435e-60    5.4022e-13    6.3612e-04    7.2835e-123    6.6124e-177    3.3051e-18    2.2367e-31    3.9595e-27    1.2724e-20    0.0000e+00    8.6804e-08    5.2901e-16    2.8386e-67    1.2679e-12    1.5640e-17    4.7373e-10    7.9083e-35    5.6399e-19    4.1064e-38    3.2548e-09    9.9535e-25    2.4102e-40    1.5358e-52    5.4291e-103    7.3720e-76    5.8787e-69    8.7204e-163    4.2604e-09    1.0115e-20    4.9314e-83    2.6733e-61    2.9547e-48    6.8495e-47    2.6221e-174    6.1586e-84    1.4140e-08    1.1969e-19    2.1805e-161    4.0482e-129    6.7490e-65    1.0492e-138    1.1099e-35    5.7317e-32    4.3641e-195    4.0861e-65    8.1452e-49    9.9263e-29    6.0790e-44    4.7199e-67    3.4491e-206    1.1097e-95    1.2438e-22    2.4048e-31    2.4227e-44    1.1662e-48    0.0000e+00    0.0000e+00    3.5878e-82    7.8370e-97    2.8569e-36    2.1423e-25    3.1444e-56    6.7675e-81    4.1340e-45    1.1333e-47    3.0766e-17    4.1543e-49    1.2263e-13    7.3434e-17    3.0102e-08    8.6124e-17
3.2721e-65    2.1173e-65    1.7729e-103    3.2297e-72    6.1313e-92    1.2444e-83    1.1960e-57    2.3903e-55    3.2853e-67    4.0458e-63    1.6591e-39    1.1225e-41    2.7916e-50    4.9747e-116    2.3292e-38    6.3548e-68    6.1559e-97    1.2590e-63    3.1358e-114    1.1109e-99    1.7820e-16    9.0296e-13    7.9036e-182    1.4714e-267    2.7342e-37    2.2963e-63    2.9831e-60    1.7649e-44    8.6804e-08    0.0000e+00    3.3790e-41    3.9498e-135    2.0372e-31    1.1748e-42    1.0074e-22    1.2172e-53    2.5590e-18    9.4022e-31    2.1727e-03    1.7029e-10    1.2661e-17    7.0024e-29    1.6909e-191    1.3115e-140    2.0457e-116    1.1017e-274    3.7390e-20    7.9665e-51    1.2765e-115    1.0109e-79    1.6619e-75    4.6454e-66    1.9389e-292    4.7454e-136    1.3358e-02    6.3520e-06    1.0303e-254    6.1849e-195    2.3249e-96    5.7527e-202    1.1909e-57    1.8725e-49    1.8994e-310    5.2648e-107    2.2210e-92    1.6071e-48    4.4638e-81    3.8428e-135    1.3710e-320    3.2886e-155    5.1803e-39    2.2195e-52    2.2996e-73    6.5435e-84    0.0000e+00    0.0000e+00    1.3186e-134    2.6254e-153    2.7706e-76    9.7012e-58    5.6134e-105    3.8143e-151    1.0592e-81    7.0775e-84    9.4685e-39    8.7321e-99    1.0433e-22    1.8172e-25    1.7203e-22    1.3439e-35
1.2253e-21    4.3740e-24    1.2976e-61    1.0031e-44    1.3307e-17    4.4827e-18    2.4757e-23    3.4391e-35    3.4207e-11    9.6155e-15    1.5422e-10    6.3006e-16    8.9222e-09    1.2265e-58    2.0686e-02    3.5050e-11    1.2111e-08    2.1009e-08    8.3381e-31    1.4869e-21    6.0854e-45    5.0924e-19    4.5858e-74    7.5244e-99    5.2404e-07    5.2416e-05    2.4941e-03    1.9349e-06    5.2901e-16    3.3790e-41    0.0000e+00    2.9623e-14    9.6504e-06    5.9200e-05    2.0258e-09    8.1623e-21    1.0095e-26    3.7776e-51    4.5739e-36    5.3052e-58    2.1531e-91    2.0857e-105    9.8788e-31    1.6743e-27    2.7700e-25    3.0992e-61    2.3597e-07    2.2455e-02    2.1457e-45    2.9505e-38    4.7358e-18    9.5115e-27    1.3701e-63    1.0201e-33    7.2307e-37    2.1098e-58    1.5814e-80    5.8730e-63    1.2212e-32    5.0089e-96    5.9681e-16    4.6505e-23    2.0158e-81    7.5727e-23    3.2064e-13    4.2533e-12    3.3384e-11    8.7598e-15    2.9263e-95    3.3528e-37    1.6415e-12    3.1245e-19    3.5566e-36    1.1113e-30    9.5880e-243    2.1707e-240    3.3308e-29    6.7067e-38    1.2543e-10    2.3142e-20    1.9824e-13    2.2715e-22    6.1320e-14    4.0709e-17    4.5570e-02    4.4661e-12    3.7422e-12    1.7291e-18    4.7785e-04    2.3191e-03
