0.0000e+00    1.7080e-07    2.9495e-15    4.1378e-17    1.7854e-10    2.7085e-61    5.2166e-18    2.0466e-32    4.3286e-125    1.1392e-05    6.5161e-203    1.0816e-08    1.3681e-111    6.5747e-58    3.7049e-286    2.0565e-225    4.1432e-76    9.3323e-54    8.5120e-157    2.0069e-138    0.0000e+00    3.0527e-97    1.9275e-25    7.5525e-86    1.1936e-04    3.0087e-26    1.4238e-43    2.0620e-109    7.3094e-07    6.5007e-11    9.9508e-11    4.3746e-14    1.2306e-40    1.1174e-26    7.0579e-05    1.9675e-35    2.5235e-194    6.5972e-07    1.5327e-87    1.3399e-133    9.7621e-64    5.4801e-17    5.4339e-74    1.6576e-19    1.0207e-34    1.2928e-04    2.8856e-05    2.5433e-17    1.2995e-17    7.2850e-21    1.6225e-80    8.6945e-26    5.2635e-22    2.3798e-92    1.8408e-02    1.4564e-140    9.4862e-13    6.3432e-109    9.4449e-83    6.5848e-273    2.6203e-120    5.1580e-74    4.5257e-25    5.5644e-118    1.8283e-159    0.0000e+00    4.5435e-140    5.5243e-53    3.6353e-93    2.4721e-05    1.6053e-42    2.5833e-26    2.1756e-90    1.5469e-02    2.3444e-11    1.7616e-14    4.3183e-20    9.8481e-54    2.9825e-39    3.8667e-12    1.3958e-24    2.9166e-224    6.5868e-14    6.9860e-61    6.4477e-148    4.2889e-57    6.2025e-23    4.4864e-107    2.1718e-14    2.9493e-34
1.7080e-07    0.0000e+00    3.3031e-35    1.0162e-12    4.7935e-17    1.1037e-76    2.1673e-19    2.6465e-36    7.4794e-158    2.4368e-05    6.6548e-256    1.2608e-04    4.1431e-136    2.0904e-72    0.0000e+00    1.7918e-286    1.5951e-89    1.9913e-71    1.6958e-209    1.3331e-184    0.0000e+00    3.9130e-123    1.4566e-35    3.6630e-103    8.3498e-11    1.5997e-29    8.6930e-55    3.0694e-135    2.8181e-17    8.3802e-17    4.5709e-12    1.5324e-18    7.0285e-53    1.4725e-27    4.1773e-15    6.9169e-58    3.4553e-231    1.4105e-11    1.8870e-117    5.4783e-155    6.6277e-68    1.8022e-15    1.7687e-95    2.5334e-19    4.2003e-38    4.9800e-06    1.5377e-01    1.2320e-23    5.7082e-11    7.3975e-24    2.3099e-93    8.2302e-22    7.2912e-21    1.3851e-109    1.0655e-07    7.9551e-169    3.5615e-08    8.5634e-139    3.8797e-93    0.0000e+00    1.3455e-150    1.0256e-84    3.1702e-40    2.2495e-161    2.5290e-227    0.0000e+00    1.1839e-171    3.0691e-62    1.5516e-112    9.0132e-13    4.8800e-51    4.9057e-29    2.7592e-107    1.8180e-06    4.1848e-12    1.0232e-08    4.3512e-24    1.3248e-68    2.4376e-52    4.2016e-36    5.8792e-36    4.2961e-259    5.4159e-17    8.8599e-83    1.9860e-173    6.2674e-61    2.1838e-19    4.7366e-134    1.4798e-13    4.5847e-36
2.9495e-15    3.3031e-35    0.0000e+00    2.9410e-23    6.0403e-09    2.0095e-55    1.1293e-18    2.1730e-15    7.5260e-82    1.9624e-19    4.0936e-127    1.7534e-24    7.5894e-73    1.1365e-24    3.9260e-202    3.1707e-147    4.9603e-56    6.2479e-33    1.5618e-84    2.8301e-74    2.3309e-293    3.5372e-63    1.7686e-09    8.9706e-55    6.9914e-19    2.0118e-16    4.6545e-18    1.0337e-73    1.0682e-27    1.7114e-31    3.0651e-09    7.9566e-09    1.0246e-31    3.9372e-17    1.7745e-22    7.7542e-17    1.3531e-146    1.8933e-35    4.3713e-57    3.3349e-103    2.7474e-38    2.3218e-18    2.7516e-45    1.8333e-12    2.1302e-16    4.6185e-20    1.9993e-35    5.4169e-07    1.0010e-34    2.3068e-13    5.7085e-63    3.8132e-49    4.0720e-15    2.8730e-61    7.1828e-12    7.7708e-81    3.4831e-37    1.6711e-67    2.5546e-41    1.9582e-193    5.9247e-74    6.3424e-55    1.1142e-18    7.3439e-68    6.5281e-60    0.0000e+00    1.3391e-102    9.0734e-27    1.6770e-62    3.3845e-07    3.0778e-33    7.0035e-14    3.5090e-60    6.4800e-24    5.2329e-49    2.5553e-19    3.7097e-15    1.5727e-37    1.8563e-18    1.0847e-14    3.0730e-20    7.4254e-172    1.1938e-55    2.0793e-41    1.9822e-106    1.0028e-35    3.4678e-20    7.9568e-73    8.7705e-12    2.2468e-18
4.1378e-17    1.0162e-12    2.9410e-23    0.0000e+00    7.7949e-23    4.8223e-26    8.5454e-03    3.1485e-10    5.3573e-63    6.9786e-18    9.7024e-120    3.5362e-08    1.2220e-52    6.8039e-26    4.8098e-170    4.7322e-129    7.5860e-29    1.4801e-20    6.2414e-93    2.5703e-76    0.0000e+00    2.4707e-43    7.1388e-11    9.3497e-36    5.4953e-32    2.9916e-05    2.0086e-17    3.2420e-50    1.8104e-46    3.8962e-54    2.1866e-05    2.9260e-06    1.2361e-13    2.5315e-05    7.4633e-33    9.5143e-19    2.0754e-109    1.2449e-25    6.7859e-43    2.8491e-65    2.2699e-21    1.3912e-03    1.3920e-30    1.6416e-05    6.7747e-12    1.6528e-06    6.9999e-16    4.8841e-13    7.6800e-03    4.6703e-05    3.6336e-31    2.2211e-09    4.9769e-05    4.9390e-40    1.1813e-12    4.4510e-74    3.5742e-10    2.1424e-52    2.7071e-41    2.2253e-160    4.2404e-59    6.3882e-27    2.8839e-12    7.9950e-71    4.2924e-105    0.0000e+00    6.6970e-70    2.1520e-21    8.0818e-39    6.6941e-14    1.8380e-12    4.9458e-08    4.5888e-36    1.5939e-21    8.8305e-55    6.0367e-03    1.5505e-03    7.5087e-20    7.5053e-16    5.6610e-41    2.6669e-09    3.4600e-130    1.5212e-34    6.0386e-27    1.0050e-76    5.7251e-17    2.6292e-03    2.9091e-50    5.3489e-07    1.0701e-09
1.7854e-10    4.7935e-17    6.0403e-09    7.7949e-23    0.0000e+00    5.4343e-125    1.8592e-28    1.0662e-28    2.0621e-196    2.4078e-08    2.3226e-232    1.6015e-16    1.8502e-183    2.4512e-45    0.0000e+00    0.0000e+00    7.2049e-117    5.1654e-85    1.8453e-219    6.1489e-168    0.0000e+00    4.1667e-155    2.5206e-26    4.7717e-121    1.7498e-06    1.4843e-29    1.7062e-32    2.9604e-173    9.3502e-16    5.7274e-13    1.8231e-07    1.2215e-09    2.3457e-78    1.1940e-28    1.1236e-16    1.0557e-49    0.0000e+00    8.8083e-24    7.5477e-160    4.0977e-202    5.0483e-61    5.6200e-23    5.2701e-112    2.4876e-12    2.9216e-22    2.4158e-17    1.6766e-18    6.1817e-05    2.0678e-31    1.4122e-24    1.2664e-138    3.5967e-55    1.9567e-21    1.0063e-135    1.5991e-09    9.7175e-126    5.1131e-31    2.5326e-175    2.2475e-50    0.0000e+00    7.3158e-170    1.2547e-112    1.2641e-48    1.9597e-193    3.1108e-110    0.0000e+00    6.1255e-250    6.1839e-58    5.8849e-145    2.1579e-03    4.6698e-73    1.6041e-23    1.4700e-136    1.5274e-12    2.1744e-23    6.9587e-12    7.7018e-27    4.8240e-97    3.0862e-52    3.8904e-20    3.2274e-47    0.0000e+00    2.7733e-40    1.4816e-111    8.8005e-199    4.3869e-63    4.3599e-25    3.6393e-182    7.1277e-08    6.4791e-24
2.7085e-61    1.1037e-76    2.0095e-55    4.8223e-26    5.4343e-125    0.0000e+00    4.8435e-13    1.9316e-29    6.9243e-28    1.7494e-91    3.1192e-97    1.0471e-28    6.6739e-13    1.9336e-43    2.9563e-46    2.2933e-50    5.4617e-17    1.1719e-13    1.2697e-44    9.0362e-55    3.3754e-207    6.4651e-18    5.4919e-30    6.5625e-24    2.0299e-143    3.1581e-24    3.8362e-38    2.1632e-21    1.7818e-189    5.6644e-213    1.6858e-37    1.8275e-41    9.7713e-04    8.9712e-28    1.2865e-92    3.8028e-26    1.7621e-13    2.0491e-71    8.9492e-08    1.6612e-36    1.8133e-33    2.7020e-22    6.0198e-17    3.8735e-41    4.4107e-45    3.3353e-26    3.4546e-72    1.4083e-67    9.8296e-17    2.5748e-28    3.8970e-05    1.1752e-10    4.4720e-23    1.1127e-21    5.4810e-42    8.7731e-83    2.0843e-21    9.2541e-17    2.3640e-84    3.4095e-46    4.8430e-32    1.9355e-16    7.4472e-15    2.7112e-23    3.6387e-114    2.1588e-293    3.7022e-09    3.0794e-23    4.6696e-16    2.0459e-53    3.1436e-05    6.5374e-23    1.2646e-15    2.9782e-113    2.1311e-205    1.7351e-40    8.5439e-22    4.0787e-04    4.4037e-16    2.9201e-89    4.8801e-14    3.7063e-17    8.7192e-67    2.4556e-06    5.6173e-56    2.3969e-22    4.2034e-18    1.6813e-09    8.6385e-44    2.3245e-45
5.2166e-18    2.1673e-19    1.1293e-18    8.5454e-03    1.8592e-28    4.8435e-13    0.0000e+00    1.0539e-08    4.2443e-48    7.2841e-23    5.2090e-104    1.2905e-08    3.2931e-28    2.2249e-21    1.4180e-99    1.7893e-81    1.3904e-24    3.5997e-14    5.8918e-53    8.8543e-58    5.9378e-243    4.7547e-31    4.0087e-08    1.4451e-29    9.3227e-39    3.4055e-04    7.3507e-14    4.5689e-38    2.8235e-56    2.1694e-65    2.4715e-05    7.2055e-06    2.1659e-06    1.3140e-05    2.8697e-35    1.1026e-12    4.7042e-51    1.3587e-27    1.2373e-21    7.9183e-59    1.1940e-19    8.7250e-04    9.2538e-22    3.5959e-06    1.4800e-11    1.7779e-06    4.7630e-21    1.5353e-13    1.6631e-04    4.4924e-05    2.3188e-18    1.5453e-07    1.1990e-04    1.3203e-32    1.8472e-12    1.6517e-66    1.0312e-09    1.2787e-30    3.2407e-40    1.4081e-96    2.6561e-43    1.9594e-23    1.1588e-07    3.2978e-32    2.2064e-83    0.0000e+00    4.2392e-36    7.7742e-13    3.6293e-28    8.4592e-13    7.1926e-05    4.2660e-05    4.6180e-25    2.3186e-28    3.5320e-67    1.4646e-05    1.0932e-02    5.9713e-09    1.3613e-08    4.2298e-39    4.7524e-06    7.2750e-60    3.3707e-36    9.4003e-13    6.4378e-71    1.6977e-14    8.9192e-03    1.6672e-25    1.9057e-07    4.1036e-10
2.0466e-32    2.6465e-36    2.1730e-15    3.1485e-10    1.0662e-28    1.9316e-29    1.0539e-08    0.0000e+00    7.4394e-39    4.0216e-30    1.5716e-66    2.5515e-21    1.2455e-33    1.3438e-03    3.5182e-130    9.9192e-85    2.7341e-21    1.4419e-11    4.8848e-47    1.1123e-32    3.1562e-193    1.6238e-26    3.7530e-02    2.1218e-18    3.6486e-51    8.9934e-03    3.9482e-02    2.5067e-32    1.7528e-71    7.0827e-80    4.5037e-09    1.2894e-07    6.3357e-14    6.3978e-02    2.0759e-49    2.1676e-10    5.8821e-91    1.6188e-54    1.3001e-30    1.8254e-51    3.0724e-07    1.4005e-06    4.1705e-16    2.1518e-05    7.8453e-02    1.1012e-21    9.3945e-41    5.6468e-10    5.6552e-19    5.0138e-03    6.5613e-26    1.6181e-26    4.7593e-03    8.0609e-23    1.0434e-22    1.0091e-31    2.8588e-29    1.0340e-30    1.3958e-12    1.3416e-122    8.8785e-32    2.2518e-19    3.6165e-14    2.9321e-44    8.5640e-27    6.9260e-248    1.4251e-55    1.4445e-06    2.4572e-24    5.3956e-21    2.7690e-13    4.0838e-03    6.7825e-22    3.0741e-44    1.6028e-91    1.0305e-11    5.7605e-05    1.6047e-15    5.5282e-05    4.6387e-49    4.5011e-12    4.4454e-110    7.9725e-72    1.1210e-21    2.3738e-52    3.4480e-06    3.8461e-05    3.2226e-36    8.1200e-10    2.5353e-02
4.3286e-125    7.4794e-158    7.5260e-82    5.3573e-63    2.0621e-196    6.9243e-28    4.2443e-48    7.4394e-39    0.0000e+00    1.5455e-162    1.0894e-14    3.3021e-86    9.2302e-11    2.0137e-30    6.1991e-26    4.5107e-10    7.4784e-10    8.7867e-14    4.7308e-14    7.3530e-04    8.3489e-47    4.7443e-03    2.2094e-41    2.2708e-05    3.4324e-245    5.2198e-41    1.2844e-37    5.4691e-02    1.1238e-307    0.0000e+00    3.0928e-76    1.7547e-75    4.6936e-24    1.4530e-43    3.8763e-169    7.1433e-33    9.3532e-30    1.6485e-160    7.9056e-13    5.1286e-09    1.9282e-24    1.4268e-53    3.7425e-07    3.5165e-71    1.9985e-54    4.9044e-82    7.9252e-155    4.8724e-103    3.9321e-67    2.4781e-48    1.2273e-13    3.3301e-65    5.9307e-47    8.5044e-04    2.1380e-95    5.0130e-23    1.1037e-86    2.1669e-06    1.5716e-60    3.9335e-22    4.2841e-03    7.5105e-10    1.3740e-37    1.3393e-26    2.9091e-24    4.3780e-69    3.7950e-14    2.8087e-28    3.5766e-04    4.3973e-107    3.0337e-27    1.3899e-44    2.8393e-06    1.9137e-201    0.0000e+00    2.9699e-85    2.5229e-45    4.0761e-19    3.3254e-25    1.5743e-143    7.0974e-37    3.7261e-39    9.3391e-165    1.6389e-19    1.4491e-11    6.2688e-20    5.8294e-48    4.7241e-11    3.0522e-82    6.9421e-56
1.1392e-05    2.4368e-05    1.9624e-19    6.9786e-18    2.4078e-08    1.7494e-91    7.2841e-23    4.0216e-30    1.5455e-162    0.0000e+00    5.6922e-235    1.3980e-05    1.8424e-148    3.2525e-58    0.0000e+00    8.5353e-301    3.5541e-97    9.5267e-73    5.3531e-203    2.9154e-167    0.0000e+00    3.3383e-129    1.0956e-27    3.5966e-104    2.0612e-06    8.2930e-29    1.8147e-44    5.5545e-143    3.5599e-13    5.3445e-10    1.5236e-09    8.2720e-15    1.3290e-59    6.7438e-26    7.8545e-10    1.2893e-51    1.1181e-270    1.2818e-17    2.0386e-128    9.6979e-168    2.3004e-65    5.7320e-15    4.1278e-97    5.5141e-17    6.5938e-31    7.1681e-09    1.4135e-05    7.4536e-15    2.3716e-19    1.9236e-21    1.2964e-107    1.7134e-31    1.6580e-18    4.8770e-113    3.5766e-04    1.2375e-147    9.9991e-14    4.9222e-146    3.0814e-75    0.0000e+00    8.0954e-151    2.8882e-92    1.1456e-41    2.4844e-167    1.0072e-166    0.0000e+00    1.4419e-197    5.1806e-58    1.8641e-120    1.5274e-07    2.1601e-59    1.6394e-25    3.4863e-115    8.6937e-08    2.8007e-11    3.1798e-11    1.3492e-24    3.2323e-76    5.0181e-48    1.1105e-26    1.4345e-38    1.8652e-305    1.7249e-27    4.0565e-91    2.1389e-176    4.2108e-61    1.0265e-20    1.1404e-149    5.0744e-11    9.0413e-32
6.5161e-203    6.6548e-256    4.0936e-127    9.7024e-120    2.3226e-232    3.1192e-97    5.2090e-104    1.5716e-66    1.0894e-14    5.6922e-235    0.0000e+00    1.6556e-180    4.6963e-45    7.3625e-49    3.1845e-61    1.0334e-29    1.5377e-27    2.9184e-39    3.4822e-46    3.9194e-13    8.4947e-61    5.3644e-22    2.1379e-74    1.7173e-19    3.7070e-306    7.6293e-74    1.9213e-60    8.3676e-17    0.0000e+00    0.0000e+00    2.3106e-126    3.1809e-114    2.4347e-73    2.1839e-76    6.0873e-258    3.7109e-62    3.1980e-101    4.9625e-255    3.2328e-50    4.6862e-11    3.0791e-36    7.6599e-114    1.2707e-27    1.4803e-105    1.5241e-76    1.8134e-167    6.1188e-262    1.8066e-135    1.2278e-154    1.6939e-85    9.0488e-58    1.4107e-177    1.8656e-92    4.4054e-18    7.0822e-174    1.5582e-13    5.9146e-203    1.8730e-34    1.6447e-61    4.9023e-52    1.7142e-14    2.5419e-29    1.9957e-79    3.6697e-74    1.9251e-32    4.0681e-73    2.5677e-59    1.2743e-59    7.8515e-23    1.5061e-165    1.2383e-73    8.6534e-84    3.3498e-26    1.8662e-270    0.0000e+00    9.3712e-140    3.3257e-86    4.1970e-63    4.8578e-61    1.7895e-202    5.0754e-80    4.6122e-124    5.3814e-290    1.2804e-58    9.0416e-04    2.0699e-38    5.0369e-99    4.5972e-46    8.8621e-129    4.9470e-76
1.0816e-08    1.2608e-04    1.7534e-24    3.5362e-08    1.6015e-16    1.0471e-28    1.2905e-08    2.5515e-21    3.3021e-86    1.3980e-05    1.6556e-180    0.0000e+00    3.5119e-54    1.6257e-47    2.7459e-153    9.9686e-141    1.4377e-55    1.4785e-39    1.0577e-99    7.8316e-113    0.0000e+00    1.2586e-64    8.2932e-20    9.0123e-61    3.9337e-16    1.3202e-16    1.2416e-35    1.4906e-73    1.3106e-26    6.1579e-26    1.1115e-06    1.4258e-12    1.0663e-21    5.5324e-16    1.4264e-18    5.5679e-37    1.3736e-84    7.0738e-19    1.9013e-48    1.7602e-102    7.7140e-47    3.1176e-06    1.3875e-52    7.1107e-13    2.1428e-25    5.2980e-04    1.2966e-05    1.2753e-16    8.0374e-07    1.0781e-13    1.4282e-41    6.9517e-09    4.8540e-10    5.8220e-64    9.5372e-06    1.4342e-125    2.0612e-02    8.9768e-62    1.6287e-70    7.3743e-153    5.0118e-85    6.1745e-52    3.1696e-24    6.6608e-63    2.8521e-158    0.0000e+00    1.3269e-67    5.5521e-31    9.4357e-60    3.7684e-10    7.2229e-22    1.3631e-14    2.0850e-55    9.7510e-13    1.6081e-24    5.7022e-06    1.8275e-13    6.0778e-27    3.0878e-25    1.0406e-36    3.0770e-21    1.2733e-94    2.1139e-26    1.6485e-36    1.0497e-121    1.8286e-38    5.3319e-09    7.6088e-57    9.2963e-08    2.4858e-24
1.3681e-111    4.1431e-136    7.5894e-73    1.2220e-52    1.8502e-183    6.6739e-13    3.2931e-28    1.2455e-33    9.2302e-11    1.8424e-148    4.6963e-45    3.5119e-54    0.0000e+00    2.6299e-30    1.0187e-24    4.3734e-16    4.2516e-18    1.1849e-14    2.0474e-08    1.8597e-13    1.3963e-69    2.1010e-07    5.0311e-39    7.7431e-14    3.5100e-223    4.6454e-37    1.8951e-33    5.9144e-10    1.1976e-298    7.3571e-320    2.9596e-60    4.0193e-64    6.8978e-13    1.4790e-42    1.1399e-153    1.9608e-33    6.4617e-15    4.6254e-131    7.2894e-06    4.9691e-30    1.0308e-25    1.1631e-40    2.1938e-09    5.4591e-60    7.4266e-53    1.5994e-57    3.6740e-132    2.0414e-93    2.9254e-41    2.8866e-46    1.2266e-06    2.0442e-35    1.4822e-32    2.1131e-11    4.2559e-76    7.8063e-44    2.4855e-49    9.4099e-02    9.6874e-73    1.3399e-24    2.0958e-09    2.2784e-17    1.2232e-31    2.4414e-10    5.4381e-32    2.0527e-103    7.5628e-06    8.1386e-13    4.2190e-07    7.6822e-85    6.1111e-13    3.3336e-25    1.3061e-05    8.8103e-193    1.7337e-317    3.1625e-68    2.6637e-39    2.4417e-07    1.6710e-13    1.0346e-139    3.3068e-32    1.4395e-20    1.2670e-129    8.1620e-11    2.1477e-39    1.8807e-16    1.2929e-27    1.6661e-04    3.0788e-66    3.5405e-58
6.5747e-58    2.0904e-72    1.1365e-24    6.8039e-26    2.4512e-45    1.9336e-43    2.2249e-21    1.3438e-03    2.0137e-30    3.2525e-58    7.3625e-49    1.6257e-47    2.6299e-30    0.0000e+00    7.0354e-119    1.0916e-72    1.0162e-20    1.9761e-12    1.4417e-39    2.8588e-21    3.4250e-155    3.6344e-21    7.2440e-07    2.0596e-13    1.0951e-78    1.5694e-08    4.6843e-02    1.2179e-25    3.6813e-106    2.9216e-115    8.9398e-21    1.0326e-17    7.1468e-22    1.6435e-08    1.4170e-80    5.4974e-15    1.7494e-99    2.2043e-88    3.6413e-31    8.6989e-45    3.1998e-04    6.4542e-22    1.6957e-13    2.6022e-13    2.4063e-04    2.0040e-46    2.7847e-79    6.7291e-19    3.7998e-44    1.2210e-11    1.8692e-31    5.6784e-62    2.0678e-11    3.2605e-18    1.1407e-44    5.3632e-19    4.1013e-63    8.8517e-26    2.0527e-06    1.9453e-111    2.5919e-23    3.2576e-19    2.1844e-23    1.5139e-44    1.1851e-09    1.4500e-195    6.5197e-57    2.9378e-06    9.8999e-20    1.3930e-36    1.2977e-20    4.8193e-08    1.9866e-17    1.0655e-75    1.0325e-140    1.4076e-26    6.5049e-14    3.8546e-20    1.3691e-07    1.6029e-68    2.9852e-22    2.9136e-122    5.5392e-116    8.5849e-26    4.4549e-42    4.9018e-05    1.0025e-15    8.7290e-36    1.8571e-20    2.9195e-05
3.7049e-286    0.0000e+00    3.9260e-202    4.8098e-170    0.0000e+00    2.9563e-46    1.4180e-99    3.5182e-130    6.1991e-26    0.0000e+00    3.1845e-61    2.7459e-153    1.0187e-24    7.0354e-119    0.0000e+00    8.9423e-08    3.4258e-58    2.1437e-61    4.7835e-26    5.2838e-35    6.0529e-23    1.9931e-33    6.5768e-142    1.1135e-57    0.0000e+00    4.6502e-138    2.0324e-127    1.4909e-32    0.0000e+00    0.0000e+00    3.0517e-188    6.2496e-198    2.8553e-58    1.9799e-155    0.0000e+00    5.1298e-104    7.0376e-21    3.0317e-294    3.2566e-28    2.3607e-47    2.7700e-100    4.7066e-143    1.5678e-45    1.5618e-193    5.4917e-185    3.1300e-155    0.0000e+00    4.1211e-278    4.2266e-122    1.2123e-160    1.7381e-36    1.8438e-100    2.4564e-124    3.1836e-42    4.3139e-204    8.2196e-111    4.1342e-129    5.2160e-24    1.2190e-226    2.4424e-01    8.7207e-30    6.9840e-61    3.0829e-92    3.1619e-34    3.6861e-83    4.2383e-36    1.2931e-16    2.3669e-69    8.8583e-35    1.1976e-228    3.5857e-59    1.7535e-101    1.9899e-36    0.0000e+00    0.0000e+00    5.0239e-210    4.3098e-138    1.3394e-46    1.0355e-67    1.9682e-319    2.3069e-100    1.6164e-26    4.0256e-261    6.1037e-43    2.3933e-68    3.7887e-76    5.5796e-107    3.2520e-25    2.8862e-206    6.1911e-201
2.0565e-225    1.7918e-286    3.1707e-147    4.7322e-129    0.0000e+00    2.2933e-50    1.7893e-81    9.9192e-85    4.5107e-10    8.5353e-301    1.0334e-29    9.9686e-141    4.3734e-16    1.0916e-72    8.9423e-08    0.0000e+00    1.3519e-33    1.1001e-37    4.8243e-13    6.6579e-13    5.4615e-18    9.3441e-17    3.8732e-95    3.3843e-30    0.0000e+00    1.0443e-93    2.6738e-81    2.4073e-15    0.0000e+00    0.0000e+00    5.7011e-140    2.0747e-140    4.4864e-48    4.3215e-104    9.5877e-291    8.5066e-70    6.9144e-29    2.0686e-248    1.0271e-20    5.5343e-25    3.3285e-58    9.6000e-111    1.5942e-24    1.8595e-134    9.4465e-121    2.9772e-137    1.0990e-277    1.2080e-192    1.1832e-113    1.2248e-109    1.2980e-29    7.4376e-112    1.5431e-90    9.6683e-20    1.4917e-166    7.9336e-59    4.3035e-136    1.2295e-12    3.3153e-139    8.4832e-06    1.3244e-10    9.9683e-36    3.1539e-69    1.2439e-27    4.4941e-46    3.7501e-31    9.0946e-17    4.2023e-45    2.7368e-17    1.0991e-176    2.7055e-47    1.2391e-73    4.2489e-19    0.0000e+00    0.0000e+00    2.4770e-157    5.2264e-98    7.6301e-37    1.4288e-45    2.0641e-242    1.1596e-74    1.3144e-37    1.2157e-245    1.1198e-32    1.2111e-34    5.0297e-44    4.5850e-83    1.3094e-16    3.8989e-151    2.5270e-130
4.1432e-76    1.5951e-89    4.9603e-56    7.5860e-29    7.2049e-117    5.4617e-17    1.3904e-24    2.7341e-21    7.4784e-10    3.5541e-97    1.5377e-27    1.4377e-55    4.2516e-18    1.0162e-20    3.4258e-58    1.3519e-33    0.0000e+00    1.0409e-04    1.4872e-31    3.9296e-15    8.5490e-125    2.3417e-05    3.0720e-23    2.8245e-04    7.8246e-151    1.7287e-18    2.9843e-22    7.5771e-06    6.9813e-188    1.0475e-224    1.3900e-44    2.9599e-40    7.6309e-12    1.6071e-19    1.1837e-109    1.9482e-15    3.4680e-42    5.2903e-97    2.6605e-13    2.3023e-08    8.3022e-12    5.1540e-29    9.7954e-04    5.9145e-38    1.7271e-29    1.1450e-47    1.4327e-90    3.7571e-60    2.7594e-34    1.9813e-22    4.1990e-08    8.1253e-36    5.0857e-27    4.9868e-04    1.1735e-60    3.3882e-21    2.5127e-55    7.9751e-14    6.3004e-39    6.0236e-51    2.7483e-09    5.0430e-01    4.6247e-17    4.2315e-35    1.9656e-40    1.3958e-171    2.4153e-20    6.8827e-22    2.1218e-04    6.0321e-68    1.1178e-12    3.9779e-28    7.5867e-06    8.2178e-114    1.3078e-230    5.2724e-46    3.3914e-20    1.5512e-11    1.2890e-16    3.5263e-95    3.9877e-15    1.9504e-54    2.6203e-103    3.4874e-11    5.3502e-13    1.7408e-08    1.8176e-26    9.5593e-13    4.0324e-49    2.9124e-27
9.3323e-54    1.9913e-71    6.2479e-33    1.4801e-20    5.1654e-85    1.1719e-13    3.5997e-14    1.4419e-11    8.7867e-14    9.5267e-73    2.9184e-39    1.4785e-39    1.1849e-14    1.9761e-12    2.1437e-61    1.1001e-37    1.0409e-04    0.0000e+00    1.8622e-23    4.2004e-16    1.1668e-129    1.6064e-06    4.3788e-11    2.4643e-06    1.2641e-112    2.0916e-09    7.6421e-12    1.5465e-09    6.7851e-144    6.2466e-173    1.8108e-27    8.8813e-25    9.7521e-06    1.7202e-11    5.7449e-82    2.2917e-05    5.8461e-39    7.4966e-75    8.7114e-08    4.7531e-21    9.8430e-10    2.0376e-18    3.1962e-02    1.1801e-23    1.6560e-18    1.2829e-32    2.0097e-71    2.0524e-39    1.9121e-27    8.5508e-13    1.0033e-08    3.7863e-30    5.5983e-16    2.2502e-07    5.8039e-41    1.4444e-26    2.9705e-42    4.0475e-11    1.7792e-32    6.4128e-56    1.6752e-11    7.4877e-05    1.7547e-07    1.4222e-21    4.9176e-32    7.1718e-180    1.2083e-20    1.0900e-11    2.6715e-06    3.4183e-44    8.6602e-07    6.7290e-15    1.0222e-06    4.3575e-87    1.0143e-181    2.0248e-32    7.4880e-11    1.3494e-05    1.1470e-06    7.1061e-68    7.1180e-07    4.1835e-49    3.2796e-84    5.1999e-05    6.1364e-26    2.1971e-06    1.2850e-16    2.0035e-10    2.5038e-31    2.0405e-17
8.5120e-157    1.6958e-209    1.5618e-84    6.2414e-93    1.8453e-219    1.2697e-44    5.8918e-53    4.8848e-47    4.7308e-14    5.3531e-203    3.4822e-46    1.0577e-99    2.0474e-08    1.4417e-39    4.7835e-26    4.8243e-13    1.4872e-31    1.8622e-23    0.0000e+00    4.0836e-11    7.1811e-46    3.7374e-15    1.8320e-54    5.4953e-24    4.5730e-274    6.4265e-59    2.9889e-44    6.2224e-18    0.0000e+00    0.0000e+00    2.6569e-87    1.6653e-86    1.5457e-33    4.5422e-66    4.5957e-200    1.3459e-41    1.8389e-31    1.7683e-183    4.6889e-12    1.9068e-40    1.7133e-36    1.7187e-73    4.0162e-16    2.5369e-81    8.7441e-73    1.7737e-98    8.5738e-206    2.1673e-116    1.5954e-89    1.2423e-68    8.9906e-27    1.3003e-94    2.8872e-53    2.4974e-17    1.6436e-111    1.7916e-50    2.9937e-106    4.3042e-06    1.0931e-89    6.6372e-26    2.0429e-10    1.6656e-32    9.8674e-45    2.8476e-07    2.8569e-26    8.4528e-70    5.4227e-20    1.8837e-16    2.0397e-15    5.6354e-111    1.1537e-31    4.1792e-37    4.5992e-15    2.4532e-255    0.0000e+00    1.0773e-105    5.9477e-64    3.0108e-23    1.4858e-18    4.1826e-161    2.3140e-50    2.4255e-39    4.6771e-198    1.1892e-20    1.1621e-46    1.3881e-25    6.4984e-51    2.1667e-12    3.3563e-94    3.3905e-82
2.0069e-138    1.3331e-184    2.8301e-74    2.5703e-76    6.1489e-168    9.0362e-55    8.8543e-58    1.1123e-32    7.3530e-04    2.9154e-167    3.9194e-13    7.8316e-113    1.8597e-13    2.8588e-21    5.2838e-35    6.6579e-13    3.9296e-15    4.2004e-16    4.0836e-11    0.0000e+00    4.5540e-45    5.4086e-06    1.4880e-37    7.7120e-06    4.6950e-226    2.2499e-40    4.7827e-29    2.2934e-05    7.6060e-287    4.5037e-319    1.1557e-75    9.5764e-70    2.7189e-36    4.1326e-43    3.4481e-182    1.4459e-32    1.3276e-52    2.5652e-182    5.3663e-19    1.4822e-15    2.1953e-17    6.1765e-67    2.3244e-08    3.9165e-64    8.2817e-44    3.2463e-106    1.1113e-187    1.0367e-87    8.7899e-99    3.3263e-49    5.1715e-29    3.8067e-116    7.0634e-49    3.2710e-05    1.5210e-109    6.5869e-14    4.9514e-130    8.6379e-08    2.1851e-42    3.6317e-31    8.2093e-02    8.9966e-16    3.2849e-44    7.2138e-27    8.8104e-12    2.6801e-64    1.0273e-27    5.3883e-22    6.7451e-07    3.8709e-104    2.1150e-36    1.8684e-40    9.4646e-08    1.2624e-203    0.0000e+00    8.9455e-90    6.4404e-49    1.9486e-27    6.0115e-23    3.2859e-141    1.1188e-45    3.8768e-67    1.4885e-210    3.1669e-26    4.1046e-13    5.3839e-16    7.5164e-54    5.3753e-17    6.3057e-79    1.8068e-46
0.0000e+00    0.0000e+00    2.3309e-293    0.0000e+00    0.0000e+00    3.3754e-207    5.9378e-243    3.1562e-193    8.3489e-47    0.0000e+00    8.4947e-61    0.0000e+00    1.3963e-69    3.4250e-155    6.0529e-23    5.4615e-18    8.5490e-125    1.1668e-129    7.1811e-46    4.5540e-45    0.0000e+00    1.6956e-74    1.3364e-217    1.1738e-93    0.0000e+00    1.3205e-234    2.2568e-180    1.2778e-67    0.0000e+00    0.0000e+00    1.9672e-316    3.7008e-315    1.0787e-178    4.2545e-248    0.0000e+00    2.8504e-191    6.8359e-129    0.0000e+00    1.3844e-98    8.0078e-83    4.8280e-141    1.4601e-281    4.4151e-95    4.0934e-293    7.6081e-251    0.0000e+00    0.0000e+00    0.0000e+00    0.0000e+00    2.3974e-261    9.8760e-136    0.0000e+00    1.8766e-222    7.1145e-75    0.0000e+00    3.9499e-118    0.0000e+00    3.7662e-60    8.5750e-251    1.2923e-23    1.2760e-49    1.2054e-127    1.6300e-212    3.3779e-87    2.0330e-87    2.2114e-02    7.0368e-98    7.7590e-114    3.8564e-78    0.0000e+00    1.1191e-177    1.7886e-180    1.4651e-81    0.0000e+00    0.0000e+00    0.0000e+00    1.7513e-258    3.8544e-144    4.2021e-130    0.0000e+00    4.8107e-226    8.8093e-148    0.0000e+00    5.6413e-138    8.2767e-82    3.2915e-125    3.4777e-224    6.0326e-92    0.0000e+00    5.7568e-276
3.0527e-97    3.9130e-123    3.5372e-63    2.4707e-43    4.1667e-155    6.4651e-18    4.7547e-31    1.6238e-26    4.7443e-03    3.3383e-129    5.3644e-22    1.2586e-64    2.1010e-07    3.6344e-21    1.9931e-33    9.3441e-17    2.3417e-05    1.6064e-06    3.7374e-15    5.4086e-06    1.6956e-74    0.0000e+00    1.6474e-28    5.1810e-03    8.8046e-196    1.9457e-26    3.6956e-25    2.5053e-01    1.0610e-249    5.8336e-286    1.1745e-54    6.5952e-54    2.8390e-13    1.5418e-29    1.6093e-137    2.6654e-21    8.9180e-32    3.8118e-125    2.2408e-07    2.9362e-11    1.2667e-15    9.7673e-38    1.4850e-02    1.5594e-50    1.9151e-38    4.9675e-60    1.4648e-121    7.7424e-78    2.1867e-47    1.4497e-33    7.5469e-08    7.2939e-48    3.6215e-32    4.6863e-03    6.5069e-73    6.6063e-22    4.1615e-65    3.4129e-04    4.1166e-48    1.3518e-29    3.7302e-03    2.1277e-05    3.1984e-24    8.8553e-22    1.3533e-24    2.4320e-106    7.6937e-12    1.5496e-18    3.1680e-01    1.8580e-80    5.0406e-15    1.6166e-29    4.8220e-02    3.4388e-159    4.2105e-294    1.4933e-61    1.2199e-29    9.7324e-10    1.6054e-15    4.4661e-117    1.5601e-23    5.3403e-44    1.9145e-130    1.5305e-10    1.3514e-15    1.3677e-11    5.4947e-32    3.5972e-07    5.5153e-60    4.2082e-39
1.9275e-25    1.4566e-35    1.7686e-09    7.1388e-11    2.5206e-26    5.4919e-30    4.0087e-08    3.7530e-02    2.2094e-41    1.0956e-27    2.1379e-74    8.2932e-20    5.0311e-39    7.2440e-07    6.5768e-142    3.8732e-95    3.0720e-23    4.3788e-11    1.8320e-54    1.4880e-37    1.3364e-217    1.6474e-28    0.0000e+00    3.1695e-21    3.0556e-45    4.0507e-03    2.4764e-04    4.3730e-35    9.1465e-64    3.1030e-72    2.0821e-07    2.9246e-06    1.2307e-12    4.5157e-03    2.4383e-41    3.6059e-07    7.5950e-103    3.8762e-47    2.3051e-31    3.2822e-55    1.1186e-12    4.9204e-07    3.2060e-17    2.2752e-06    2.0507e-04    3.8588e-18    3.2199e-38    3.1196e-09    3.7783e-20    7.4001e-03    4.4746e-30    9.8098e-30    7.3980e-04    4.5435e-26    2.6688e-17    4.1396e-41    1.6082e-28    1.5413e-34    1.9730e-20    1.8315e-133    1.5969e-36    8.6925e-22    4.3581e-10    7.4702e-48    5.7383e-34    9.5194e-279    2.2969e-62    6.1216e-10    1.1128e-27    7.0197e-16    5.4243e-14    5.5301e-04    4.7648e-26    2.0417e-39    1.7912e-85    1.9430e-12    5.6237e-04    9.1607e-16    5.4035e-05    1.1855e-37    3.4554e-09    4.0181e-125    3.9520e-64    5.5338e-21    1.1994e-57    2.0716e-10    5.6708e-07    1.9416e-40    3.8593e-09    4.6212e-05
7.5525e-86    3.6630e-103    8.9706e-55    9.3497e-36    4.7717e-121    6.5625e-24    1.4451e-29    2.1218e-18    2.2708e-05    3.5966e-104    1.7173e-19    9.0123e-61    7.7431e-14    2.0596e-13    1.1135e-57    3.3843e-30    2.8245e-04    2.4643e-06    5.4953e-24    7.7120e-06    1.1738e-93    5.1810e-03    3.1695e-21    0.0000e+00    3.8106e-161    8.8032e-20    4.9735e-18    1.9600e-03    9.4850e-204    5.8773e-235    3.0352e-46    9.7442e-44    2.4058e-15    2.6719e-20    4.5188e-120    1.9690e-19    1.2754e-53    1.8388e-116    7.4655e-15    1.6132e-11    3.6951e-09    1.9073e-31    5.3523e-03    1.0492e-39    1.8871e-26    2.9237e-57    3.3631e-105    2.3991e-60    1.0888e-44    1.9441e-24    8.8586e-12    1.8865e-49    8.7578e-26    6.5395e-02    6.0602e-66    3.2989e-13    4.4735e-65    2.7294e-09    4.2909e-30    1.1837e-51    4.5216e-05    1.2025e-03    1.0831e-24    1.2402e-33    5.4107e-18    9.5348e-126    5.3433e-24    1.2584e-16    6.4365e-03    1.0414e-71    4.6452e-17    1.1608e-25    1.1457e-03    4.2144e-130    1.3879e-247    1.6972e-50    9.9623e-24    7.7477e-13    3.7519e-14    1.0352e-104    1.1068e-22    1.2983e-70    5.2383e-128    8.3236e-16    1.3761e-12    5.1585e-07    1.3755e-27    3.0064e-15    1.3461e-49    3.3549e-26
1.1936e-04    8.3498e-11    6.9914e-19    5.4953e-32    1.7498e-06    2.0299e-143    9.3227e-39    3.6486e-51    3.4324e-245    2.0612e-06    3.7070e-306    3.9337e-16    3.5100e-223    1.0951e-78    0.0000e+00    0.0000e+00    7.8246e-151    1.2641e-112    4.5730e-274    4.6950e-226    0.0000e+00    8.8046e-196    3.0556e-45    3.8106e-161    0.0000e+00    2.6976e-47    1.7350e-59    2.6827e-217    3.3948e-04    1.1895e-03    6.8459e-16    2.1063e-20    8.9118e-97    1.3231e-47    8.5934e-08    1.4386e-69    0.0000e+00    8.6619e-10    1.8152e-191    6.6078e-250    4.9319e-95    8.4990e-34    7.6058e-147    1.4896e-26    2.4968e-45    1.5007e-15    7.9353e-09    2.1841e-17    2.6154e-35    9.6426e-41    2.1906e-168    9.8537e-56    1.9504e-37    5.7417e-177    8.6073e-09    1.3182e-185    5.5960e-27    6.6370e-217    5.4504e-92    0.0000e+00    4.9497e-219    2.1403e-146    2.3624e-61    7.6441e-230    1.7463e-181    0.0000e+00    4.2035e-290    6.5570e-86    1.8087e-184    2.1581e-05    5.0518e-92    3.3716e-41    5.6569e-175    4.8933e-04    1.1421e-06    7.0332e-20    1.0141e-40    2.0105e-120    7.0580e-76    2.6265e-15    2.8202e-60    0.0000e+00    4.1390e-19    2.0680e-135    5.9619e-254    3.7249e-94    1.4684e-39    1.7465e-218    2.6577e-17    4.9511e-46
3.0087e-26    1.5997e-29    2.0118e-16    2.9916e-05    1.4843e-29    3.1581e-24    3.4055e-04    8.9934e-03    5.2198e-41    8.2930e-29    7.6293e-74    1.3202e-16    4.6454e-37    1.5694e-08    4.6502e-138    1.0443e-93    1.7287e-18    2.0916e-09    6.4265e-59    2.2499e-40    1.3205e-234    1.9457e-26    4.0507e-03    8.8032e-20    2.6976e-47    0.0000e+00    1.4936e-04    1.3384e-32    1.0166e-66    2.1600e-77    1.2757e-06    1.5996e-05    2.0737e-09    6.4323e-02    1.3681e-45    1.1195e-07    1.9007e-96    3.7768e-42    1.0439e-29    3.6184e-49    1.7681e-09    4.8673e-05    2.1829e-15    2.1210e-04    2.3301e-04    9.2335e-15    9.6455e-33    1.3024e-10    3.1230e-12    1.1824e-02    3.2980e-24    4.4265e-20    2.4909e-03    1.6610e-24    3.0048e-19    6.1662e-40    4.1862e-22    9.6803e-34    2.4632e-21    5.4118e-129    1.6395e-35    3.7282e-17    1.1432e-08    2.9439e-50    2.8966e-44    1.4993e-304    1.0254e-56    6.3142e-10    2.3665e-24    2.7730e-17    3.2636e-09    3.4335e-03    3.7660e-22    1.6170e-37    2.8935e-85    5.9218e-08    1.0601e-01    6.3947e-13    1.1761e-06    5.0580e-45    8.9966e-07    5.9953e-118    1.3157e-55    4.5024e-18    1.1462e-53    4.1909e-07    9.3577e-04    1.7674e-36    1.7486e-07    3.9659e-03
1.4238e-43    8.6930e-55    4.6545e-18    2.0086e-17    1.7062e-32    3.8362e-38    7.3507e-14    3.9482e-02    1.2844e-37    1.8147e-44    1.9213e-60    1.2416e-35    1.8951e-33    4.6843e-02    2.0324e-127    2.6738e-81    2.9843e-22    7.6421e-12    2.9889e-44    4.7827e-29    2.2568e-180    3.6956e-25    2.4764e-04    4.9735e-18    1.7350e-59    1.4936e-04    0.0000e+00    5.5889e-31    9.9740e-83    2.2798e-91    8.2050e-13    3.6350e-10    5.6842e-18    1.9474e-05    2.0791e-64    6.6941e-11    2.8509e-97    1.2902e-67    6.8125e-31    3.0091e-51    2.1236e-05    1.8924e-15    2.7685e-15    6.6261e-07    3.5504e-02    1.3047e-33    1.1561e-60    1.5355e-11    1.1112e-32    1.7326e-07    1.3771e-30    2.3992e-48    1.7510e-07    3.1641e-23    1.6770e-33    2.7629e-26    1.5922e-48    1.1066e-29    5.8861e-09    1.0112e-119    3.5571e-29    5.8157e-21    5.6453e-17    7.4333e-44    3.2744e-18    5.9878e-230    5.1861e-58    8.4378e-06    3.0233e-23    2.2187e-25    4.4188e-16    3.6943e-04    1.7592e-20    1.2666e-56    1.0442e-111    2.0374e-17    1.6917e-08    6.1701e-18    2.4774e-06    1.9936e-55    5.3511e-16    5.7127e-118    1.3317e-91    1.0077e-22    1.0828e-50    1.0314e-05    2.4820e-10    2.9092e-36    1.0867e-12    2.7427e-02
2.0620e-109    3.0694e-135    1.0337e-73    3.2420e-50    2.9604e-173    2.1632e-21    4.5689e-38    2.5067e-32    5.4691e-02    5.5545e-143    8.3676e-17    1.4906e-73    5.9144e-10    1.2179e-25    1.4909e-32    2.4073e-15    7.5771e-06    1.5465e-09    6.2224e-18    2.2934e-05    1.2778e-67    2.5053e-01    4.3730e-35    1.9600e-03    2.6827e-217    1.3384e-32    5.5889e-31    0.0000e+00    6.7082e-274    6.3179e-315    1.9050e-64    1.6332e-63    6.3839e-18    3.6584e-35    1.5648e-151    9.7565e-27    2.0857e-35    2.9019e-139    1.3528e-10    7.4858e-08    1.7409e-18    3.7543e-44    1.7596e-04    3.2412e-59    3.8327e-45    9.5274e-69    1.7765e-133    2.1601e-89    1.7117e-53    1.0691e-39    2.0397e-09    2.5142e-52    9.6755e-39    9.7198e-03    3.0659e-83    1.1811e-20    5.0079e-73    3.5780e-06    1.4314e-52    3.3512e-28    8.7882e-03    7.9489e-06    4.5355e-30    1.1213e-27    4.5724e-26    2.7805e-95    2.3442e-13    4.1551e-24    1.0509e-01    2.3537e-93    5.0467e-20    6.9398e-37    4.0130e-03    1.7905e-175    8.3991e-322    6.5289e-71    3.3052e-36    5.2461e-14    6.7081e-21    2.5266e-130    6.6517e-29    5.1961e-49    5.9262e-143    6.4774e-15    1.6670e-11    1.2375e-14    1.8662e-38    5.7492e-10    3.6431e-70    7.9251e-46
7.3094e-07    2.8181e-17    1.0682e-27    1.8104e-46    9.3502e-16    1.7818e-189    2.8235e-56    1.7528e-71    1.1238e-307    3.5599e-13    0.0000e+00    1.3106e-26    1.1976e-298    3.6813e-106    0.0000e+00    0.0000e+00    6.9813e-188    6.7851e-144    0.0000e+00    7.6060e-287    0.0000e+00    1.0610e-249    9.1465e-64    9.4850e-204    3.3948e-04    1.0166e-66    9.9740e-83    6.7082e-274    0.0000e+00    2.0343e-07    2.7942e-28    6.9548e-34    4.9840e-129    4.4886e-66    9.9812e-05    5.6186e-89    0.0000e+00    9.1774e-10    7.8319e-252    2.9375e-302    7.0816e-124    5.8182e-49    4.1766e-188    4.5305e-41    1.4395e-65    2.5794e-22    1.5253e-12    8.7263e-31    5.4478e-49    2.2414e-56    6.9294e-220    4.3120e-74    3.5622e-55    2.5649e-221    5.6487e-14    6.7211e-230    3.8117e-39    4.3748e-286    1.5712e-120    0.0000e+00    3.3666e-278    1.0537e-182    8.7160e-78    9.1946e-314    2.6372e-232    0.0000e+00    0.0000e+00    9.9008e-120    3.8074e-235    1.6687e-13    5.5481e-125    1.9380e-61    2.9562e-226    7.4640e-05    2.2715e-07    1.4728e-33    7.4263e-58    1.3315e-161    6.0932e-104    1.6737e-11    1.2154e-76    0.0000e+00    6.3732e-16    5.8619e-179    3.6326e-304    3.0176e-124    2.7627e-58    8.5433e-291    5.9482e-31    1.7721e-66
6.5007e-11    8.3802e-17    1.7114e-31    3.8962e-54    5.7274e-13    5.6644e-213    2.1694e-65    7.0827e-80    0.0000e+00    5.3445e-10    0.0000e+00    6.1579e-26    7.3571e-320    2.9216e-115    0.0000e+00    0.0000e+00    1.0475e-224    6.2466e-173    0.0000e+00    4.5037e-319    0.0000e+00    5.8336e-286    3.1030e-72    5.8773e-235    1.1895e-03    2.1600e-77    2.2798e-91    6.3179e-315    2.0343e-07    0.0000e+00    5.3607e-30    1.5165e-37    4.7611e-149    1.7730e-76    1.6613e-10    6.0869e-112    0.0000e+00    3.6548e-16    1.8983e-282    0.0000e+00    4.5136e-141    1.8534e-55    4.8845e-219    1.1508e-46    4.3447e-70    2.1357e-29    4.2297e-14    9.7835e-31    1.3541e-56    2.2860e-67    6.2645e-248    1.3652e-85    1.0842e-59    1.1487e-257    1.2815e-16    3.1033e-256    5.0672e-41    9.6829e-313    3.3964e-126    0.0000e+00    1.3218e-314    1.1988e-217    5.3551e-101    0.0000e+00    5.2379e-241    0.0000e+00    0.0000e+00    1.0707e-127    3.6392e-270    1.9961e-13    4.1288e-142    4.3715e-66    5.2083e-256    2.8073e-10    9.6754e-05    8.1713e-35    3.0031e-68    1.0449e-181    1.5344e-116    2.5778e-22    1.3607e-99    0.0000e+00    1.2500e-25    7.0292e-205    0.0000e+00    2.7023e-141    9.6037e-64    7.2093e-318    4.4303e-31    1.4502e-72
9.9508e-11    4.5709e-12    3.0651e-09    2.1866e-05    1.8231e-07    1.6858e-37    2.4715e-05    4.5037e-09    3.0928e-76    1.5236e-09    2.3106e-126    1.1115e-06    2.9596e-60    8.9398e-21    3.0517e-188    5.7011e-140    1.3900e-44    1.8108e-27    2.6569e-87    1.1557e-75    1.9672e-316    1.1745e-54    2.0821e-07    3.0352e-46    6.8459e-16    1.2757e-06    8.2050e-13    1.9050e-64    2.7942e-28    5.3607e-30    0.0000e+00    3.7755e-02    2.2387e-20    1.2054e-07    5.0763e-23    4.3745e-18    6.6082e-126    4.0198e-23    1.6305e-50    2.3422e-90    2.7129e-26    5.0179e-05    1.3940e-38    6.6223e-03    1.5331e-08    1.0082e-06    1.7793e-14    4.3796e-03    2.4928e-10    2.5892e-06    2.7310e-45    2.5528e-19    9.9893e-05    2.9791e-53    2.8543e-07    8.6997e-75    9.2286e-13    3.6756e-59    1.5501e-34    1.0622e-179    4.2208e-68    1.6919e-42    7.6292e-16    2.4064e-67    2.5873e-75    0.0000e+00    2.5124e-85    3.7811e-19    1.5976e-51    2.7831e-04    2.5536e-19    4.8015e-05    3.3693e-47    1.3447e-14    3.4839e-36    1.3171e-02    2.1151e-05    2.8172e-26    4.3249e-15    3.1406e-28    2.2132e-14    1.0573e-147    2.7371e-36    8.2160e-34    1.1868e-97    2.3483e-23    3.1691e-05    8.4269e-61    1.7027e-01    3.5113e-08
