0.0000e+00    8.2730e-05    1.0578e-22    1.6294e-04    4.1057e-05    5.5196e-07    8.7744e-02    1.4201e-16    2.5648e-40    1.8402e-26    4.5870e-40    7.9464e-12    3.5859e-30    1.5927e-46    2.2214e-52    1.8075e-30    3.4093e-21    7.3552e-26    8.0533e-111    5.5411e-119    0.0000e+00    1.1522e-63    5.8599e-40    3.3247e-130    6.2113e-05    6.8137e-27    7.9171e-34    3.3311e-193    9.3996e-04    8.8103e-17    7.4688e-08    8.6118e-10    2.9490e-06    2.4723e-16    1.4215e-38    7.2265e-05    5.6851e-29    1.8590e-48    2.5153e-05    1.3800e-32    7.4803e-19    3.9304e-04    1.2597e-34    1.5750e-31    2.8313e-45    3.5536e-03    1.0150e-04    5.7433e-15    2.6214e-06    4.4435e-03    1.0604e-13    7.7930e-10    2.3476e-17    5.5886e-21    6.4196e-14    1.3979e-25    6.6485e-14    1.2423e-19    7.8023e-37    9.5523e-91    1.7486e-25    1.3788e-22    2.0137e-07    1.6994e-86    8.6323e-117    0.0000e+00    7.3111e-65    9.1360e-31    5.0927e-126    2.3369e-07    4.6250e-32    5.3638e-21    3.9362e-193    2.7210e-46    5.0165e-17    5.2601e-07    3.5307e-09    6.0571e-18    9.3408e-13    9.8235e-57    3.0719e-02    2.4493e-21    1.3405e-64    6.8916e-03    6.3719e-42    8.6167e-12    1.2590e-08    4.4816e-14    6.1452e-29    2.6463e-31
8.2730e-05    0.0000e+00    8.9803e-45    7.9998e-03    2.4370e-11    1.3444e-04    1.9719e-04    1.9353e-22    1.0163e-40    2.5307e-41    1.5346e-43    2.6116e-17    1.3081e-46    1.5062e-73    1.0160e-42    3.5041e-37    2.5122e-14    9.1388e-25    5.1722e-72    1.0324e-102    3.8758e-296    2.9914e-52    1.1818e-43    3.1659e-90    1.9116e-12    1.9363e-22    5.9599e-42    4.3117e-123    6.2373e-10    2.7787e-27    5.9302e-12    2.0325e-18    6.0604e-13    1.1641e-14    5.6646e-56    1.6098e-12    5.4476e-16    4.0748e-57    2.5013e-08    2.3790e-31    1.7582e-25    5.2313e-08    5.1444e-30    7.0814e-28    1.5974e-46    5.2394e-06    9.4675e-02    2.8942e-30    2.7706e-02    1.2143e-06    1.1937e-07    2.5986e-07    2.6879e-13    2.2469e-24    2.5009e-28    4.5039e-35    1.7830e-15    2.6576e-33    5.4664e-58    2.1269e-72    1.6799e-32    4.6979e-16    2.6080e-11    5.9525e-48    1.0003e-115    0.0000e+00    7.7804e-52    6.1058e-34    2.2601e-85    2.6932e-16    8.0090e-24    1.4764e-17    1.5211e-111    7.2818e-65    6.6719e-21    2.7516e-05    4.1275e-06    4.7928e-14    6.3154e-16    7.5906e-77    1.4044e-05    2.1975e-11    4.1480e-71    1.4760e-06    8.8180e-46    2.9002e-15    3.6424e-07    3.4000e-11    4.5816e-21    1.2318e-25
1.0578e-22    8.9803e-45    0.0000e+00    2.1094e-39    5.0110e-15    4.3649e-51    4.6335e-22    9.1529e-37    1.7126e-86    2.1546e-11    9.4755e-90    1.7104e-26    1.5735e-14    3.2442e-15    2.6207e-165    9.5351e-57    7.5439e-95    1.2828e-95    5.0431e-289    2.4219e-290    0.0000e+00    8.3227e-193    3.3269e-101    0.0000e+00    1.9259e-15    1.1450e-109    3.0570e-83    0.0000e+00    5.0219e-14    6.9809e-12    9.8472e-23    1.8546e-13    9.1250e-22    2.8412e-73    4.9092e-28    3.4000e-21    5.5399e-137    4.9729e-48    4.9124e-40    1.1152e-66    5.7694e-37    5.8803e-27    2.4775e-119    3.2776e-116    1.6059e-119    2.8118e-24    2.6509e-42    6.3698e-03    8.9037e-47    4.6961e-22    4.8935e-82    7.2883e-60    1.7238e-75    2.2194e-53    1.7075e-07    1.4488e-43    7.5916e-38    1.2616e-15    2.8844e-19    2.5857e-268    1.2039e-56    3.8715e-97    1.1511e-45    1.2183e-252    8.5184e-254    0.0000e+00    6.5374e-202    5.9249e-79    0.0000e+00    3.1382e-17    1.0689e-129    1.1028e-88    0.0000e+00    4.7376e-30    5.3888e-33    1.7999e-36    1.7267e-55    4.4406e-84    7.6313e-58    8.1033e-43    8.6891e-27    9.5512e-115    2.0347e-75    6.8889e-28    3.9749e-72    2.1749e-35    3.8913e-43    4.0556e-69    7.3008e-116    4.8954e-114
1.6294e-04    7.9998e-03    2.1094e-39    0.0000e+00    3.2632e-08    6.6435e-03    1.6512e-03    2.4012e-12    5.4631e-28    1.1552e-42    3.0686e-27    3.4446e-19    1.1398e-44    1.3809e-64    3.5873e-35    1.4902e-22    5.6999e-09    9.2670e-18    4.9173e-64    7.3093e-81    1.2531e-256    7.1297e-43    4.1217e-28    4.6395e-83    3.7564e-07    5.1441e-16    6.9989e-27    2.9586e-118    6.0983e-12    6.5785e-30    4.2365e-07    9.7977e-16    7.4352e-06    1.1197e-09    2.6884e-66    1.5108e-08    1.4873e-17    5.4615e-71    4.1552e-05    2.4480e-21    3.4281e-13    7.4193e-05    1.6504e-21    3.3407e-21    8.2275e-31    2.3129e-09    5.8689e-05    5.1750e-28    9.5548e-04    1.2727e-04    2.3317e-06    5.3561e-13    2.6929e-08    3.2079e-14    2.7713e-21    9.6380e-21    5.3983e-21    2.1594e-24    1.8814e-45    3.0929e-64    2.7420e-17    2.2882e-11    4.4448e-09    6.4251e-47    3.1493e-85    1.8630e-302    1.1408e-44    2.2129e-20    9.4125e-80    1.9088e-08    1.8758e-19    3.3118e-11    1.5471e-114    9.1118e-76    7.6229e-27    1.6249e-02    2.4557e-04    1.5083e-08    4.9917e-11    2.5041e-83    2.0571e-05    9.7149e-14    6.2688e-89    1.2713e-03    9.9713e-31    6.8424e-07    1.1641e-03    1.9414e-06    3.2887e-16    2.3942e-17
4.1057e-05    2.4370e-11    5.0110e-15    3.2632e-08    0.0000e+00    1.2671e-12    6.9869e-03    9.8165e-13    5.9328e-41    1.6430e-14    1.1886e-36    2.9588e-09    1.9124e-14    2.9696e-23    5.3889e-62    2.7115e-27    9.7699e-26    1.3448e-31    1.7019e-105    5.3310e-119    0.0000e+00    3.3193e-71    5.5625e-40    1.3378e-138    7.3791e-03    3.5103e-32    1.4375e-30    4.9375e-200    3.3535e-06    7.9671e-11    2.5939e-03    1.7707e-04    3.4313e-04    8.2924e-20    1.0248e-44    3.9122e-10    1.6164e-41    6.9114e-55    3.2723e-10    3.2375e-30    3.7699e-11    8.5958e-04    1.3648e-40    2.5097e-38    7.0604e-45    4.1212e-07    1.9163e-10    1.2634e-07    3.4297e-11    1.3080e-02    6.6360e-21    6.0242e-16    1.9163e-20    2.1025e-21    2.1138e-04    9.8818e-16    4.9438e-14    1.6376e-06    5.4163e-16    2.0454e-104    2.4564e-20    1.4545e-29    5.7712e-13    1.3427e-86    2.5743e-110    0.0000e+00    2.4435e-75    3.9108e-30    2.3533e-135    3.0480e-03    1.2847e-41    5.4794e-25    1.5904e-199    3.2360e-44    4.6642e-16    4.2833e-07    1.7364e-11    3.1953e-21    2.7200e-17    3.3969e-69    5.9439e-10    4.3290e-34    6.2175e-77    6.0128e-07    1.0104e-38    2.1500e-09    1.0291e-08    1.9143e-18    6.7985e-37    2.8235e-33
5.5196e-07    1.3444e-04    4.3649e-51    6.6435e-03    1.2671e-12    0.0000e+00    2.1037e-07    1.7812e-14    3.0797e-22    3.3857e-60    3.1221e-21    1.6274e-32    1.0807e-66    5.5441e-90    2.0193e-23    7.4257e-24    6.3879e-07    1.0917e-09    7.1292e-61    7.3379e-69    3.7999e-239    7.0148e-31    3.4858e-20    2.6801e-71    1.5198e-12    1.3639e-10    1.3112e-18    3.3137e-110    1.5962e-17    3.9298e-45    2.3536e-14    9.4832e-27    1.7455e-09    1.2934e-05    3.0746e-79    1.9407e-10    3.5091e-12    8.2189e-93    2.3102e-03    8.2963e-28    6.0817e-17    3.4509e-05    7.5491e-14    1.5968e-12    2.6032e-22    4.8526e-12    8.8517e-08    1.1114e-38    3.4992e-07    1.0177e-06    1.5681e-03    6.4394e-18    1.0132e-04    1.0740e-12    4.5036e-30    1.3232e-18    6.9019e-32    1.2946e-33    3.0618e-56    2.1615e-49    3.6958e-15    3.7037e-06    2.1270e-05    1.5842e-46    3.8293e-72    2.1892e-280    1.5679e-31    7.7473e-15    8.9756e-69    1.5383e-13    2.2859e-12    1.1911e-06    1.7021e-104    6.0094e-108    2.5290e-40    1.9197e-06    2.9360e-06    3.0383e-06    9.8341e-07    1.1051e-101    6.1166e-07    5.7757e-09    9.9102e-111    1.4035e-04    2.1828e-35    2.3966e-09    1.9034e-06    3.3978e-03    1.4663e-09    1.3354e-13
8.7744e-02    1.9719e-04    4.6335e-22    1.6512e-03    6.9869e-03    2.1037e-07    0.0000e+00    9.5694e-14    5.9317e-39    1.8506e-21    5.5356e-38    6.4711e-08    9.4715e-23    6.0401e-38    7.1120e-55    1.6294e-27    1.3529e-20    3.4621e-28    3.6490e-103    1.6804e-117    0.0000e+00    1.4207e-65    1.9802e-40    2.4927e-128    1.7220e-03    3.7883e-28    2.7509e-34    6.4719e-186    2.3337e-04    4.4689e-13    3.4484e-04    3.0697e-06    1.3183e-04    3.7060e-17    2.3854e-43    4.6998e-07    4.4534e-31    6.1772e-49    3.0743e-07    3.8976e-27    1.2765e-14    1.5683e-03    3.1626e-36    5.7020e-34    2.5646e-45    6.4550e-04    6.1016e-04    5.6228e-13    1.3291e-04    5.0807e-02    7.3883e-14    1.2555e-08    1.6110e-16    6.9363e-20    2.1457e-10    3.8352e-22    1.0646e-10    2.6273e-14    3.0717e-30    1.6642e-94    4.5952e-23    2.7715e-23    1.7606e-10    1.2070e-80    1.1783e-115    0.0000e+00    8.8056e-68    4.0158e-30    1.6456e-124    1.8092e-05    1.8437e-34    2.3330e-21    1.4432e-183    1.1453e-43    9.1119e-14    5.4187e-04    3.6949e-08    1.0470e-17    2.5068e-15    5.1173e-63    2.0596e-04    1.1063e-23    9.4755e-67    5.4712e-04    1.6204e-37    4.3491e-09    4.9369e-06    2.3082e-14    2.6106e-30    8.8361e-31
1.4201e-16    1.9353e-22    9.1529e-37    2.4012e-12    9.8165e-13    1.7812e-14    9.5694e-14    0.0000e+00    2.4933e-12    2.5492e-47    2.2454e-14    6.2166e-28    3.5178e-35    1.6802e-47    4.2141e-54    9.1149e-04    1.6219e-27    7.2318e-28    5.5967e-141    6.4297e-118    0.0000e+00    2.9628e-70    9.2529e-23    2.3535e-163    3.6776e-08    6.0746e-36    3.0438e-20    8.6514e-255    7.4969e-27    4.0421e-38    4.2800e-10    5.6119e-19    5.1195e-06    1.6910e-22    3.6335e-91    1.9214e-15    1.1247e-56    4.4456e-110    1.3823e-15    1.0687e-09    1.2840e-02    1.8672e-08    1.5036e-36    1.3218e-35    1.7402e-31    1.7264e-28    1.2685e-24    1.8202e-29    7.9066e-21    1.0537e-09    9.8586e-24    1.2382e-38    1.3367e-14    2.5406e-03    2.5206e-16    5.3929e-06    5.9005e-41    6.6042e-13    4.3642e-31    1.3641e-108    6.9501e-05    2.0813e-25    1.7521e-21    2.1109e-130    1.1583e-96    0.0000e+00    1.1560e-74    4.6336e-12    2.0926e-163    2.0038e-07    1.8724e-46    3.0340e-23    4.7376e-262    3.6740e-94    1.2302e-47    2.3262e-08    1.1356e-25    3.3361e-26    8.9765e-22    3.0057e-110    5.0333e-18    4.3728e-48    6.2694e-139    4.9352e-14    7.2433e-10    8.7135e-02    3.5544e-08    1.3762e-18    5.6536e-35    6.4791e-37
2.5648e-40    1.0163e-40    1.7126e-86    5.4631e-28    5.9328e-41    3.0797e-22    5.9317e-39    2.4933e-12    0.0000e+00    1.6180e-110    7.3057e-05    2.9626e-72    3.2367e-98    5.8660e-120    3.2212e-26    3.8387e-07    1.8135e-24    2.7007e-18    1.2326e-104    2.7667e-67    3.6500e-258    1.8477e-38    4.7168e-09    2.8472e-103    2.7866e-34    1.5179e-27    3.5513e-13    4.1995e-173    2.1209e-61    2.0002e-92    6.4873e-38    1.3611e-59    5.3417e-27    1.0893e-22    1.6791e-154    3.3942e-36    3.5920e-49    4.3531e-189    5.2370e-27    1.6468e-18    2.3114e-17    1.5807e-25    9.7829e-22    1.9819e-21    1.9297e-14    1.0999e-57    1.1636e-47    2.9141e-76    5.6472e-41    5.0197e-31    3.4829e-26    5.5152e-70    5.5973e-13    9.1467e-05    9.7326e-54    6.5812e-14    1.1671e-84    1.5831e-47    1.7452e-75    6.7747e-62    6.7624e-07    9.7915e-18    1.1649e-31    4.0316e-106    2.0029e-51    4.2211e-244    1.5282e-40    1.5964e-04    5.2963e-105    1.8838e-32    4.5442e-33    2.1428e-18    1.2142e-181    1.4410e-187    7.6143e-99    2.5503e-26    1.7444e-40    8.0600e-27    2.6477e-26    1.3997e-177    1.5015e-38    4.6366e-47    2.7964e-220    4.3731e-32    3.6319e-13    1.1428e-14    1.7175e-22    1.4109e-19    2.9932e-22    1.5570e-28
1.8402e-26    2.5307e-41    2.1546e-11    1.1552e-42    1.6430e-14    3.3857e-60    1.8506e-21    2.5492e-47    1.6180e-110    0.0000e+00    3.9012e-110    2.6547e-10    2.5123e-04    1.4579e-08    7.7763e-197    1.1995e-74    9.0368e-109    9.1728e-121    0.0000e+00    0.0000e+00    0.0000e+00    1.6883e-227    2.7497e-130    0.0000e+00    1.2759e-20    2.6126e-130    3.1145e-107    0.0000e+00    4.3367e-13    2.4807e-03    6.6394e-19    4.5537e-09    2.9983e-29    4.1675e-91    4.8718e-28    2.2339e-37    3.3101e-143    4.5661e-34    1.8307e-54    8.5841e-68    7.0319e-42    2.1396e-32    4.1681e-147    4.0754e-141    1.2827e-148    3.4996e-20    5.4863e-31    1.2147e-04    1.9946e-35    1.3443e-24    3.2738e-82    1.3650e-25    1.4291e-84    3.6810e-71    2.5725e-10    3.9590e-56    3.5991e-12    4.9634e-14    4.6763e-14    8.2241e-308    2.2176e-72    2.7885e-114    2.1225e-61    8.0830e-289    4.2614e-302    0.0000e+00    9.4780e-236    8.2420e-102    0.0000e+00    6.2424e-23    1.2561e-153    4.7631e-106    0.0000e+00    2.5802e-18    1.5911e-09    1.4613e-34    1.6144e-60    1.2320e-97    3.0957e-78    5.7542e-59    1.0358e-36    2.3161e-115    2.3363e-54    1.6023e-39    4.0787e-84    2.8031e-43    7.7273e-42    5.5036e-85    1.0391e-137    2.2960e-134
4.5870e-40    1.5346e-43    9.4755e-90    3.0686e-27    1.1886e-36    3.1221e-21    5.5356e-38    2.2454e-14    7.3057e-05    3.9012e-110    0.0000e+00    1.7667e-80    7.8455e-107    2.4163e-124    1.3676e-18    1.1524e-12    1.4141e-17    3.5625e-12    1.4733e-69    7.6803e-46    3.4125e-185    1.0410e-25    5.6150e-05    3.1824e-72    4.9174e-33    2.3672e-18    2.4138e-06    9.2997e-122    6.8698e-62    9.9928e-97    2.9488e-35    9.3645e-58    6.6749e-24    2.5683e-16    3.3151e-162    1.2980e-34    1.8300e-45    4.8029e-197    5.2955e-23    7.5727e-25    3.3320e-15    3.7750e-24    7.9712e-14    2.0089e-14    9.3551e-08    8.3156e-58    1.0562e-52    2.8115e-75    2.4540e-46    5.4848e-31    6.3000e-27    1.3509e-80    8.4216e-12    1.0696e-07    1.0436e-52    3.1317e-10    1.1470e-93    4.3031e-47    9.2451e-69    2.7939e-45    3.3611e-04    5.2921e-14    5.3203e-27    1.7502e-72    6.3475e-35    1.9395e-182    2.4153e-28    1.0233e-02    2.0637e-73    6.5916e-29    1.7200e-23    3.2954e-12    3.1011e-125    7.8497e-207    4.7013e-106    1.0769e-27    8.2924e-34    3.2114e-18    9.1067e-21    1.1880e-180    7.6494e-39    2.8048e-46    7.3192e-232    1.3029e-28    3.2875e-21    1.6874e-14    5.7623e-25    4.4822e-15    8.0913e-17    3.0559e-18
7.9464e-12    2.6116e-17    1.7104e-26    3.4446e-19    2.9588e-09    1.6274e-32    6.4711e-08    6.2166e-28    2.9626e-72    2.6547e-10    1.7667e-80    0.0000e+00    4.4800e-10    2.6474e-30    7.1902e-146    2.7524e-48    8.4577e-74    1.0579e-87    6.0169e-268    6.0118e-283    0.0000e+00    5.3532e-178    1.0981e-99    0.0000e+00    5.6408e-11    4.5266e-97    2.1567e-88    0.0000e+00    6.8157e-07    7.6603e-05    2.8420e-08    1.5329e-04    2.5301e-17    7.0665e-64    9.4260e-36    1.8438e-22    2.8920e-100    1.3360e-32    2.0143e-34    1.1066e-34    3.5432e-29    6.8477e-18    1.2853e-108    1.4594e-103    2.5086e-117    2.7610e-10    5.5846e-10    2.8857e-12    1.9574e-11    1.2862e-11    3.5462e-48    4.8620e-07    1.5340e-51    6.4880e-42    1.3947e-15    1.4742e-47    1.3264e-02    7.6696e-18    5.3437e-34    1.0369e-244    1.1989e-53    1.1378e-74    7.3201e-43    9.6744e-228    7.4586e-264    0.0000e+00    7.0843e-182    8.6013e-73    0.0000e+00    5.2507e-16    2.1262e-112    1.4850e-73    0.0000e+00    3.5521e-21    1.2464e-03    1.2654e-12    1.6565e-40    4.1827e-69    5.5758e-57    2.7090e-60    7.5932e-17    1.4445e-76    8.4644e-49    6.4123e-23    3.0909e-52    3.4473e-23    1.3346e-18    1.0362e-55    6.6741e-96    4.3982e-102
3.5859e-30    1.3081e-46    1.5735e-14    1.1398e-44    1.9124e-14    1.0807e-66    9.4715e-23    3.5178e-35    3.2367e-98    2.5123e-04    7.8455e-107    4.4800e-10    0.0000e+00    2.8262e-07    1.7716e-232    1.9936e-57    3.4607e-126    7.9017e-142    0.0000e+00    0.0000e+00    0.0000e+00    4.6888e-274    7.9892e-138    0.0000e+00    4.8477e-17    8.1479e-159    3.8725e-118    0.0000e+00    2.6633e-18    1.9723e-07    1.6346e-14    1.0738e-07    3.9156e-26    2.5218e-106    1.0195e-44    3.9263e-40    1.4751e-178    5.0212e-53    8.9520e-64    3.7550e-48    6.3925e-31    6.3792e-33    1.2538e-171    2.3615e-168    2.1239e-164    6.2054e-28    1.7242e-34    8.6404e-07    2.1600e-36    6.4152e-24    3.6220e-94    3.4861e-29    2.6590e-90    4.5502e-60    3.0786e-08    6.2146e-49    1.5933e-15    6.2372e-07    1.4663e-09    0.0000e+00    1.3697e-65    8.3314e-130    1.0817e-75    0.0000e+00    0.0000e+00    0.0000e+00    3.8394e-287    3.5643e-101    0.0000e+00    3.0055e-19    6.6590e-189    9.9655e-123    0.0000e+00    1.2556e-32    7.2203e-15    2.9544e-30    1.2031e-74    4.3704e-117    1.6043e-93    5.4431e-81    7.6073e-41    1.3000e-143    9.3269e-78    4.5813e-45    4.9633e-61    1.3331e-34    2.7600e-37    4.0290e-97    1.2685e-161    6.2487e-159
1.5927e-46    1.5062e-73    3.2442e-15    1.3809e-64    2.9696e-23    5.5441e-90    6.0401e-38    1.6802e-47    5.8660e-120    1.4579e-08    2.4163e-124    2.6474e-30    2.8262e-07    0.0000e+00    6.9382e-281    1.4554e-71    3.9589e-161    1.2840e-171    0.0000e+00    0.0000e+00    0.0000e+00    0.0000e+00    4.6979e-163    0.0000e+00    5.9462e-27    1.0006e-195    3.5523e-137    0.0000e+00    6.2012e-31    9.7160e-17    2.6021e-25    9.8380e-15    7.3867e-35    7.2040e-133    1.3784e-57    2.2147e-49    2.2321e-236    1.9776e-74    9.5988e-81    3.6221e-68    1.4673e-40    8.9517e-48    2.9502e-208    6.3873e-205    2.7301e-195    1.2126e-46    2.7648e-63    3.7766e-09    1.3329e-65    4.9669e-39    5.6606e-132    3.6285e-74    6.2676e-119    1.6343e-76    1.6580e-10    1.8374e-56    6.5923e-44    1.4812e-09    5.3085e-03    0.0000e+00    1.2662e-77    1.3366e-164    3.7039e-95    0.0000e+00    0.0000e+00    0.0000e+00    0.0000e+00    1.3471e-121    0.0000e+00    1.2587e-26    2.2148e-232    1.9690e-153    0.0000e+00    1.2246e-48    6.7020e-39    6.2189e-49    9.0145e-100    1.7050e-147    6.7998e-114    1.1361e-82    1.6529e-56    4.5758e-196    4.0238e-109    8.0207e-59    1.8766e-78    3.3719e-48    4.2666e-60    2.7465e-123    1.2934e-201    1.9118e-197
2.2214e-52    1.0160e-42    2.6207e-165    3.5873e-35    5.3889e-62    2.0193e-23    7.1120e-55    4.2141e-54    3.2212e-26    7.7763e-197    1.3676e-18    7.1902e-146    1.7716e-232    6.9382e-281    0.0000e+00    5.4182e-65    3.1965e-12    4.8421e-06    3.0606e-31    3.5302e-13    8.7668e-94    3.8085e-02    4.2116e-08    4.2281e-17    2.7785e-62    1.2297e-07    5.1415e-14    2.3178e-38    8.6001e-81    1.8191e-175    1.9902e-63    1.4299e-116    2.3663e-54    7.0594e-14    9.2749e-216    2.1207e-56    4.0826e-16    2.6530e-254    2.6418e-26    1.5644e-72    4.2684e-47    2.2132e-39    5.2621e-04    6.4886e-04    1.2307e-05    1.1732e-64    3.7625e-56    2.8985e-138    8.0688e-52    1.4456e-48    1.1128e-18    5.6277e-77    4.4924e-14    3.9530e-36    2.0127e-120    1.8467e-39    4.1897e-129    1.7005e-120    1.2148e-150    1.1181e-06    9.5667e-29    1.2025e-07    2.2748e-25    2.4410e-33    2.5505e-14    1.8243e-104    5.1389e-02    1.9810e-13    3.7660e-17    2.2768e-57    1.2901e-05    7.6660e-09    3.2515e-40    0.0000e+00    1.1183e-149    7.1443e-46    5.0732e-32    7.3650e-14    9.5979e-19    9.1157e-265    6.5789e-53    4.1753e-20    4.3296e-278    1.2137e-36    1.0181e-74    1.1768e-43    6.6942e-39    1.1233e-13    8.3783e-05    4.8060e-10
1.8075e-30    3.5041e-37    9.5351e-57    1.4902e-22    2.7115e-27    7.4257e-24    1.6294e-27    9.1149e-04    3.8387e-07    1.1995e-74    1.1524e-12    2.7524e-48    1.9936e-57    1.4554e-71    5.4182e-65    0.0000e+00    2.2612e-41    4.7975e-37    2.5469e-192    5.7857e-146    0.0000e+00    3.3094e-88    7.2116e-26    8.8866e-211    3.7514e-19    7.0462e-52    8.7283e-26    0.0000e+00    2.5491e-45    5.2387e-61    3.2998e-22    5.1951e-35    1.5652e-14    4.6534e-35    6.5479e-124    5.6845e-24    2.9658e-82    3.1466e-147    3.9132e-26    2.6789e-08    9.6575e-08    9.1178e-20    1.2151e-47    4.2777e-47    2.2239e-38    5.3747e-48    5.4467e-42    1.8478e-49    1.1433e-35    3.3791e-22    7.8503e-38    6.8952e-67    1.7460e-22    1.2787e-02    4.1873e-31    4.6502e-11    7.5098e-67    3.8932e-26    6.6369e-50    7.3539e-134    1.1523e-06    4.4367e-35    9.5563e-35    5.7222e-183    3.0980e-116    0.0000e+00    3.3150e-92    4.7278e-13    4.8552e-213    6.4783e-18    2.9756e-63    3.0972e-34    0.0000e+00    1.1127e-129    2.8488e-75    9.0435e-18    7.8234e-44    4.8056e-41    9.5160e-34    6.0841e-133    1.0212e-28    3.0335e-71    1.0508e-180    6.7546e-25    1.5328e-04    2.6416e-06    3.0679e-18    1.1272e-28    2.3691e-47    1.3428e-54
3.4093e-21    2.5122e-14    7.5439e-95    5.6999e-09    9.7699e-26    6.3879e-07    1.3529e-20    1.6219e-27    1.8135e-24    9.0368e-109    1.4141e-17    8.4577e-74    3.4607e-126    3.9589e-161    3.1965e-12    2.2612e-41    0.0000e+00    8.2493e-06    1.8415e-24    1.2593e-33    9.1294e-135    6.0042e-15    3.6144e-11    8.5869e-35    1.7701e-25    6.3999e-03    1.1144e-14    2.0423e-53    8.5483e-38    6.7904e-94    1.4787e-23    7.1859e-57    1.3511e-22    1.8997e-03    2.8677e-134    7.0114e-27    1.8880e-08    3.1393e-148    2.8103e-08    9.6243e-39    9.4498e-20    1.5825e-14    2.2351e-05    7.2172e-06    1.4914e-10    9.3343e-30    8.0723e-23    1.4791e-74    8.6297e-20    2.5631e-18    4.5315e-05    2.8698e-35    6.6166e-04    7.1787e-21    8.2003e-65    1.1330e-23    2.9227e-65    3.8035e-65    1.7603e-89    1.6632e-27    3.2543e-17    2.3795e-02    2.5293e-10    3.3322e-18    4.4050e-37    1.7135e-166    1.3315e-16    1.1121e-10    1.0088e-32    8.3559e-23    1.0008e-04    8.1428e-02    6.0129e-50    8.2360e-204    2.7325e-77    4.3926e-14    6.0278e-07    1.7292e-01    1.7716e-07    1.9765e-169    1.2596e-23    1.9123e-09    2.6729e-170    7.2368e-12    3.1128e-46    4.6461e-18    7.6505e-11    2.6404e-02    2.8736e-03    5.4094e-03
7.3552e-26    9.1388e-25    1.2828e-95    9.2670e-18    1.3448e-31    1.0917e-09    3.4621e-28    7.2318e-28    2.7007e-18    9.1728e-121    3.5625e-12    1.0579e-87    7.9017e-142    1.2840e-171    4.8421e-06    4.7975e-37    8.2493e-06    0.0000e+00    5.9638e-30    4.7579e-26    2.9921e-127    3.9060e-08    5.7959e-05    1.3032e-32    1.1027e-31    1.3659e-02    2.9903e-05    1.1365e-58    4.4216e-45    4.0035e-105    1.7921e-35    2.1371e-66    8.6033e-26    2.2880e-03    7.1243e-140    8.2023e-27    3.5657e-13    2.3225e-175    3.8743e-09    3.2887e-49    8.2891e-26    5.2523e-17    7.9552e-02    2.4453e-01    1.7410e-04    1.0012e-35    1.1035e-33    5.4460e-79    1.1702e-31    2.2953e-23    8.5597e-11    3.1260e-52    1.9700e-06    2.0802e-18    2.6218e-65    4.1248e-19    3.1049e-82    3.6080e-67    2.1665e-89    7.3491e-20    1.3948e-13    1.5115e-03    1.3604e-08    3.2521e-27    2.6739e-25    1.0672e-146    1.4537e-09    1.0543e-06    1.6943e-31    1.0486e-28    1.2907e-03    1.9347e-02    6.6482e-57    7.9142e-228    9.1979e-96    1.8914e-25    6.9744e-16    3.7828e-05    5.0022e-05    1.6800e-174    3.3963e-26    8.2434e-15    2.7863e-199    8.3668e-16    1.3118e-50    9.9696e-22    2.4723e-21    4.6292e-04    1.0194e-02    1.5650e-04
8.0533e-111    5.1722e-72    5.0431e-289    4.9173e-64    1.7019e-105    7.1292e-61    3.6490e-103    5.5967e-141    1.2326e-104    0.0000e+00    1.4733e-69    6.0169e-268    0.0000e+00    0.0000e+00    3.0606e-31    2.5469e-192    1.8415e-24    5.9638e-30    0.0000e+00    1.5444e-16    8.1095e-47    1.6314e-21    1.1406e-30    3.0659e-19    9.4932e-117    2.0530e-22    1.3784e-58    7.5848e-23    3.2152e-142    5.3050e-307    4.7285e-104    6.2812e-210    2.6850e-116    2.3656e-21    0.0000e+00    7.6871e-118    5.7833e-43    0.0000e+00    1.3705e-48    6.0226e-145    3.2931e-92    5.9974e-77    3.7410e-20    2.3835e-28    1.8506e-20    1.1938e-124    2.4880e-110    3.4474e-240    8.8224e-114    5.7740e-87    4.6241e-55    6.8090e-134    1.6337e-44    1.8843e-112    8.0806e-250    5.2282e-90    7.4403e-222    1.1319e-241    7.1257e-286    4.2845e-34    8.5255e-98    1.7091e-33    1.7403e-46    9.7433e-05    2.3236e-17    9.7379e-65    5.8557e-28    4.8618e-50    1.5110e-17    4.5198e-101    3.9130e-27    1.4873e-25    1.7698e-20    0.0000e+00    8.6574e-247    2.7972e-67    3.6338e-38    1.6593e-27    9.7170e-37    0.0000e+00    2.3306e-113    4.7651e-53    0.0000e+00    8.1104e-61    3.8820e-161    5.4535e-111    9.2401e-52    2.5130e-30    5.2058e-27    4.3919e-14
5.5411e-119    1.0324e-102    2.4219e-290    7.3093e-81    5.3310e-119    7.3379e-69    1.6804e-117    6.4297e-118    2.7667e-67    0.0000e+00    7.6803e-46    6.0118e-283    0.0000e+00    0.0000e+00    3.5302e-13    5.7857e-146    1.2593e-33    4.7579e-26    1.5444e-16    0.0000e+00    1.6065e-25    1.5415e-07    2.8326e-20    5.9856e-05    6.2402e-122    4.5423e-25    2.1175e-40    2.4678e-11    7.5092e-160    1.7123e-318    5.4435e-117    8.1679e-216    3.7007e-114    2.1273e-34    0.0000e+00    1.6797e-119    1.9073e-60    0.0000e+00    1.0962e-61    7.8671e-135    6.0483e-86    4.4724e-87    5.3418e-17    6.5263e-22    7.8573e-14    3.8671e-143    1.1972e-136    1.9355e-245    4.1987e-131    2.6619e-102    2.7939e-67    5.9139e-182    2.7732e-46    1.0941e-87    5.3847e-232    4.2746e-80    7.1331e-258    4.4404e-225    6.7562e-264    9.2394e-10    1.6841e-71    3.7666e-33    1.3993e-60    2.9916e-28    5.4194e-02    4.2914e-30    2.1984e-10    9.3666e-36    7.5866e-06    8.1737e-108    2.1360e-25    4.1792e-29    6.1076e-13    0.0000e+00    2.1047e-283    1.1173e-91    2.5725e-65    1.9519e-36    2.1333e-44    0.0000e+00    8.2482e-121    1.0044e-73    0.0000e+00    1.6904e-77    6.6766e-137    2.4496e-97    1.3070e-78    1.2294e-39    1.8244e-25    1.5881e-21
0.0000e+00    3.8758e-296    0.0000e+00    1.2531e-256    0.0000e+00    3.7999e-239    0.0000e+00    0.0000e+00    3.6500e-258    0.0000e+00    3.4125e-185    0.0000e+00    0.0000e+00    0.0000e+00    8.7668e-94    0.0000e+00    9.1294e-135    2.9921e-127    8.1095e-47    1.6065e-25    0.0000e+00    6.5335e-68    4.1443e-108    1.6463e-26    0.0000e+00    1.6811e-118    1.4957e-176    1.2877e-15    0.0000e+00    0.0000e+00    0.0000e+00    0.0000e+00    0.0000e+00    2.1146e-130    0.0000e+00    0.0000e+00    2.3192e-194    0.0000e+00    2.2869e-210    0.0000e+00    9.1092e-271    1.0900e-270    7.1202e-99    1.1324e-116    2.0275e-82    0.0000e+00    0.0000e+00    0.0000e+00    0.0000e+00    4.5647e-301    2.2396e-222    0.0000e+00    3.3037e-174    1.7138e-307    0.0000e+00    5.1817e-259    0.0000e+00    0.0000e+00    0.0000e+00    2.3137e-64    3.5829e-271    3.4615e-146    3.1528e-202    1.0071e-79    1.1979e-29    2.4110e-02    3.8564e-77    2.4566e-157    1.6341e-29    1.0662e-319    7.6105e-127    3.8306e-128    1.3471e-24    0.0000e+00    0.0000e+00    3.7413e-257    2.0515e-198    2.5197e-145    3.7122e-169    0.0000e+00    0.0000e+00    1.6901e-228    0.0000e+00    8.8285e-248    0.0000e+00    0.0000e+00    5.6356e-215    8.7741e-155    1.7469e-124    1.5312e-97
1.1522e-63    2.9914e-52    8.3227e-193    7.1297e-43    3.3193e-71    7.0148e-31    1.4207e-65    2.9628e-70    1.8477e-38    1.6883e-227    1.0410e-25    5.3532e-178    4.6888e-274    0.0000e+00    3.8085e-02    3.3094e-88    6.0042e-15    3.9060e-08    1.6314e-21    1.5415e-07    6.5335e-68    0.0000e+00    2.1487e-10    2.0792e-09    4.5716e-74    1.7928e-08    1.2665e-17    2.3091e-24    1.4432e-93    2.4552e-207    1.8827e-73    1.1656e-138    1.2902e-66    1.5131e-15    8.3185e-247    1.1227e-68    9.6072e-22    7.2702e-287    7.5289e-31    1.1885e-92    5.9019e-56    2.4173e-47    5.8749e-05    1.3740e-05    1.7387e-06    3.2848e-76    3.2974e-70    1.6545e-160    2.3482e-66    7.7505e-58    2.6183e-27    3.7686e-97    3.7657e-20    6.8127e-50    3.4401e-145    1.7290e-47    2.8524e-155    4.4871e-145    1.3878e-174    1.7575e-04    2.0846e-38    7.8164e-12    5.7300e-29    7.6735e-25    2.8800e-09    6.2806e-79    2.3964e-01    9.5832e-19    2.5998e-09    7.9722e-67    9.9103e-07    2.2645e-11    7.1808e-26    0.0000e+00    1.1844e-176    4.2596e-55    8.6435e-35    9.2259e-16    1.2103e-20    3.3484e-306    1.2561e-65    5.1426e-28    6.5122e-315    1.8700e-42    3.2612e-96    4.2114e-56    3.4258e-47    4.2853e-17    2.0560e-07    6.8641e-10
5.8599e-40    1.1818e-43    3.3269e-101    4.1217e-28    5.5625e-40    3.4858e-20    1.9802e-40    9.2529e-23    4.7168e-09    2.7497e-130    5.6150e-05    1.0981e-99    7.9892e-138    4.6979e-163    4.2116e-08    7.2116e-26    3.6144e-11    5.7959e-05    1.1406e-30    2.8326e-20    4.1443e-108    2.1487e-10    0.0000e+00    6.3475e-35    9.4388e-37    1.4904e-08    2.7360e-04    6.9071e-61    1.0089e-62    6.8618e-116    3.3756e-41    5.1221e-72    2.7674e-29    3.7122e-09    6.1938e-168    4.2147e-35    1.3534e-33    5.9521e-212    1.4871e-18    7.1473e-40    2.2081e-21    2.2631e-24    2.3257e-04    1.1388e-05    1.7233e-01    2.0064e-57    9.6838e-56    4.0430e-86    1.0453e-50    3.1520e-32    5.1684e-25    1.6949e-85    8.8075e-11    5.6476e-13    4.6959e-67    5.9642e-15    7.3898e-107    5.1338e-64    1.2672e-87    2.1143e-24    8.1641e-09    9.7674e-09    4.0188e-20    1.3690e-34    9.6084e-16    1.3713e-113    1.6844e-13    2.7383e-02    9.9677e-35    2.1937e-32    6.6478e-12    1.7400e-06    1.8492e-64    2.8470e-245    2.9383e-120    3.3753e-32    1.3862e-28    5.3818e-12    1.1958e-12    1.4086e-194    3.6668e-39    5.9317e-38    2.4103e-246    6.1467e-26    1.2477e-35    1.5738e-20    2.7527e-27    1.7891e-10    4.4254e-08    1.9375e-07
3.3247e-130    3.1659e-90    0.0000e+00    4.6395e-83    1.3378e-138    2.6801e-71    2.4927e-128    2.3535e-163    2.8472e-103    0.0000e+00    3.1824e-72    0.0000e+00    0.0000e+00    0.0000e+00    4.2281e-17    8.8866e-211    8.5869e-35    1.3032e-32    3.0659e-19    5.9856e-05    1.6463e-26    2.0792e-09    6.3475e-35    0.0000e+00    1.9896e-149    4.8631e-27    1.4557e-59    3.4804e-04    2.4599e-172    0.0000e+00    4.0873e-136    3.1959e-265    1.1743e-144    3.5517e-38    0.0000e+00    6.1471e-146    5.7524e-38    0.0000e+00    7.4048e-68    2.1612e-179    3.0887e-116    4.7317e-101    2.8942e-22    1.6930e-26    1.7606e-24    4.1725e-143    2.3877e-126    3.7048e-303    1.6334e-124    1.8901e-115    1.3537e-57    1.3641e-153    2.6629e-51    1.2050e-125    7.1854e-300    7.1257e-112    5.2558e-268    8.0583e-296    0.0000e+00    4.6276e-07    2.7575e-104    2.8436e-35    7.7762e-64    3.6121e-26    1.3692e-09    8.1969e-36    2.2146e-10    7.7593e-56    6.1280e-01    9.8433e-134    1.4721e-23    6.9485e-34    1.2651e-04    0.0000e+00    4.7340e-301    1.6678e-98    3.5494e-60    5.9979e-38    1.4550e-50    0.0000e+00    5.8468e-136    5.2818e-49    0.0000e+00    4.4832e-85    1.0495e-194    2.1991e-129    7.1767e-83    8.4125e-43    1.8857e-26    1.5005e-25
6.2113e-05    1.9116e-12    1.9259e-15    3.7564e-07    7.3791e-03    1.5198e-12    1.7220e-03    3.6776e-08    2.7866e-34    1.2759e-20    4.9174e-33    5.6408e-11    4.8477e-17    5.9462e-27    2.7785e-62    3.7514e-19    1.7701e-25    1.1027e-31    9.4932e-117    6.2402e-122    0.0000e+00    4.5716e-74    9.4388e-37    1.9896e-149    0.0000e+00    2.6943e-33    2.7611e-30    1.1211e-218    3.2305e-08    1.0888e-14    7.6390e-03    4.7789e-05    3.2604e-02    8.6960e-21    1.4779e-49    4.9665e-07    1.4126e-45    2.1014e-60    6.7411e-10    7.6192e-22    7.5628e-08    1.4911e-04    2.2372e-40    6.1601e-39    2.9101e-43    9.1845e-11    1.3377e-12    4.7521e-10    6.8763e-12    2.3591e-03    1.6798e-21    2.6639e-20    6.7697e-20    1.3791e-15    1.9530e-05    1.7144e-15    4.5758e-19    1.5851e-07    8.5790e-21    1.5585e-108    1.3172e-16    8.5767e-29    4.2726e-14    3.1383e-98    3.4990e-110    0.0000e+00    2.0299e-78    4.2023e-26    1.2876e-146    2.8652e-01    5.1179e-43    7.8795e-25    2.9916e-220    1.0900e-47    2.2538e-21    3.4096e-06    1.4543e-13    4.5303e-22    7.3152e-18    3.1028e-66    3.9452e-08    2.0584e-37    4.2453e-83    7.8291e-06    1.5761e-27    1.0496e-05    1.5051e-07    3.7976e-18    5.2794e-37    1.9721e-34
6.8137e-27    1.9363e-22    1.1450e-109    5.1441e-16    3.5103e-32    1.3639e-10    3.7883e-28    6.0746e-36    1.5179e-27    2.6126e-130    2.3672e-18    4.5266e-97    8.1479e-159    1.0006e-195    1.2297e-07    7.0462e-52    6.3999e-03    1.3659e-02    2.0530e-22    4.5423e-25    1.6811e-118    1.7928e-08    1.4904e-08    4.8631e-27    2.6943e-33    0.0000e+00    3.0008e-10    1.4914e-46    1.5482e-45    1.8756e-116    2.3774e-33    4.3028e-73    7.5177e-30    4.2696e-03    3.7935e-150    4.5419e-32    2.2284e-09    7.9008e-177    1.9237e-09    2.0296e-55    4.7317e-27    1.1799e-18    1.4342e-02    3.0720e-02    6.7126e-07    1.2283e-35    9.5599e-33    5.4720e-88    2.5594e-30    1.7965e-24    2.8042e-09    8.8633e-49    6.6837e-07    1.3864e-26    4.7699e-78    1.3548e-25    6.6990e-85    1.4801e-79    1.0726e-101    1.3852e-18    2.0157e-19    1.8729e-03    3.3230e-09    8.8850e-18    9.6222e-27    4.4616e-143    5.8793e-10    8.9962e-11    3.0131e-25    2.0231e-29    4.7635e-02    8.3284e-02    1.5201e-45    1.3493e-250    3.5050e-98    2.4848e-24    7.0520e-11    2.3642e-02    2.0156e-05    2.6257e-192    8.0721e-30    1.1290e-11    2.9815e-200    2.3199e-15    7.4516e-61    1.1735e-25    8.9053e-20    1.1417e-03    2.5161e-02    6.4646e-02
7.9171e-34    5.9599e-42    3.0570e-83    6.9989e-27    1.4375e-30    1.3112e-18    2.7509e-34    3.0438e-20    3.5513e-13    3.1145e-107    2.4138e-06    2.1567e-88    3.8725e-118    3.5523e-137    5.1415e-14    8.7283e-26    1.1144e-14    2.9903e-05    1.3784e-58    2.1175e-40    1.4957e-176    1.2665e-17    2.7360e-04    1.4557e-59    2.7611e-30    3.0008e-10    0.0000e+00    1.2933e-105    3.7516e-53    1.7647e-98    3.2653e-35    3.6313e-60    1.5471e-23    4.2484e-09    6.2509e-146    2.8276e-30    9.2935e-38    1.1236e-193    2.6146e-15    7.9469e-43    4.0505e-19    5.5374e-19    1.8948e-08    3.3403e-07    2.9470e-05    3.4606e-48    8.1285e-52    4.0711e-69    5.1403e-48    1.3969e-26    1.0932e-25    1.0016e-80    7.3504e-12    1.1819e-13    1.5572e-52    4.1759e-10    5.0466e-96    5.4742e-50    1.1056e-66    1.1372e-34    2.9117e-07    2.6710e-12    2.8132e-15    5.3388e-58    6.2427e-31    7.9572e-178    5.7789e-20    1.8321e-04    2.0081e-59    5.9203e-26    2.0059e-15    7.3539e-08    1.9238e-111    2.1233e-219    5.5097e-107    2.2994e-31    1.8723e-26    2.1466e-12    1.9399e-10    1.6965e-176    6.5403e-35    5.5236e-40    9.9345e-229    2.0445e-22    9.8707e-40    1.9787e-18    2.2833e-27    5.6870e-11    1.7830e-12    2.2710e-11
3.3311e-193    4.3117e-123    0.0000e+00    2.9586e-118    4.9375e-200    3.3137e-110    6.4719e-186    8.6514e-255    4.1995e-173    0.0000e+00    9.2997e-122    0.0000e+00    0.0000e+00    0.0000e+00    2.3178e-38    0.0000e+00    2.0423e-53    1.1365e-58    7.5848e-23    2.4678e-11    1.2877e-15    2.3091e-24    6.9071e-61    3.4804e-04    1.1211e-218    1.4914e-46    1.2933e-105    0.0000e+00    2.0281e-244    0.0000e+00    2.3782e-192    0.0000e+00    2.3244e-217    4.4570e-58    0.0000e+00    3.4916e-216    9.0387e-58    0.0000e+00    1.6193e-100    1.3307e-259    9.3546e-173    5.8110e-151    7.3828e-41    1.9365e-50    1.7469e-44    6.4943e-207    3.5344e-179    0.0000e+00    3.6896e-181    7.9264e-168    1.7137e-89    6.5417e-208    4.4182e-83    1.0749e-201    0.0000e+00    2.6211e-175    0.0000e+00    0.0000e+00    0.0000e+00    3.8820e-20    7.4663e-173    8.2746e-60    9.7090e-96    2.5784e-30    6.3470e-18    3.1135e-23    6.2594e-27    1.7515e-94    4.1128e-04    2.4142e-194    7.1530e-43    3.2867e-56    5.5389e-03    0.0000e+00    0.0000e+00    8.4851e-134    1.9672e-80    5.7935e-59    4.1695e-78    0.0000e+00    9.9485e-201    5.1605e-73    0.0000e+00    1.7387e-121    9.7159e-288    7.0096e-201    1.8487e-111    1.8890e-66    1.4244e-47    6.9164e-41
9.3996e-04    6.2373e-10    5.0219e-14    6.0983e-12    3.3535e-06    1.5962e-17    2.3337e-04    7.4969e-27    2.1209e-61    4.3367e-13    6.8698e-62    6.8157e-07    2.6633e-18    6.2012e-31    8.6001e-81    2.5491e-45    8.5483e-38    4.4216e-45    3.2152e-142    7.5092e-160    0.0000e+00    1.4432e-93    1.0089e-62    2.4599e-172    3.2305e-08    1.5482e-45    3.7516e-53    2.0281e-244    0.0000e+00    2.4345e-06    1.2205e-10    3.3644e-07    6.9161e-12    2.6579e-30    3.7045e-21    8.2542e-10    3.5157e-46    2.0551e-28    4.1995e-14    4.5337e-46    3.0250e-28    5.3159e-10    1.2867e-56    6.3612e-53    2.3503e-69    2.8051e-02    1.2205e-07    9.6480e-08    3.8815e-11    5.5124e-07    2.2679e-27    4.9940e-10    7.4587e-33    8.1256e-36    3.2864e-11    5.4570e-37    7.0859e-08    2.6301e-18    2.6283e-31    1.3769e-127    1.3230e-40    3.4091e-41    2.5589e-16    3.7296e-111    3.2551e-156    0.0000e+00    8.8305e-96    2.8262e-50    3.8393e-167    1.7772e-11    4.3551e-53    2.6640e-38    2.2071e-244    5.4561e-21    4.0287e-08    1.8297e-13    2.6611e-16    1.0500e-32    3.3218e-24    1.9561e-41    6.8652e-07    5.7035e-36    2.5994e-43    5.7964e-09    5.1690e-58    1.3353e-21    1.0336e-16    4.5158e-28    1.9821e-49    5.0478e-50
8.8103e-17    2.7787e-27    6.9809e-12    6.5785e-30    7.9671e-11    3.9298e-45    4.4689e-13    4.0421e-38    2.0002e-92    2.4807e-03    9.9928e-97    7.6603e-05    1.9723e-07    9.7160e-17    1.8191e-175    5.2387e-61    6.7904e-94    4.0035e-105    5.3050e-307    1.7123e-318    0.0000e+00    2.4552e-207    6.8618e-116    0.0000e+00    1.0888e-14    1.8756e-116    1.7647e-98    0.0000e+00    2.4345e-06    0.0000e+00    3.2986e-14    9.3402e-06    2.7522e-21    5.2721e-78    1.6754e-23    3.8676e-25    1.0000e-124    2.7465e-24    1.5803e-42    3.2585e-55    7.1427e-37    1.8191e-24    2.8031e-129    3.2834e-125    1.8328e-134    5.9910e-12    9.1496e-19    6.9100e-05    7.2547e-23    5.1753e-17    3.0501e-67    8.3248e-17    2.2109e-70    6.3044e-57    2.0625e-09    4.2324e-51    4.6556e-06    2.2031e-15    6.9509e-23    7.0975e-285    7.7522e-63    2.0184e-96    1.4729e-50    2.0328e-263    1.8518e-289    0.0000e+00    1.6896e-214    6.5064e-88    0.0000e+00    2.3985e-18    1.4072e-135    5.7464e-92    0.0000e+00    1.7728e-12    2.4880e-04    1.3330e-23    2.8257e-50    3.2383e-85    2.7277e-66    2.6920e-47    5.3225e-23    1.1058e-97    2.2738e-41    2.6846e-28    4.9840e-71    1.8537e-33    1.6762e-31    4.1842e-70    3.3712e-119    1.7087e-121
7.4688e-08    5.9302e-12    9.8472e-23    4.2365e-07    2.5939e-03    2.3536e-14    3.4484e-04    4.2800e-10    6.4873e-38    6.6394e-19    2.9488e-35    2.8420e-08    1.6346e-14    2.6021e-25    1.9902e-63    3.2998e-22    1.4787e-23    1.7921e-35    4.7285e-104    5.4435e-117    0.0000e+00    1.8827e-73    3.3756e-41    4.0873e-136    7.6390e-03    2.3774e-33    3.2653e-35    2.3782e-192    1.2205e-10    3.2986e-14    0.0000e+00    2.9803e-04    3.1372e-04    1.0849e-22    6.5748e-57    1.7145e-13    1.1534e-42    6.0828e-61    4.0737e-14    1.8805e-18    1.8649e-07    8.0188e-07    2.1057e-42    4.2323e-41    4.6300e-46    2.4583e-12    2.8462e-11    4.4210e-13    2.4461e-09    4.3773e-05    3.5325e-20    3.6422e-16    1.7076e-19    6.5150e-19    9.1991e-08    2.6333e-18    1.0001e-14    3.4287e-07    1.1755e-19    7.3994e-105    4.8872e-19    3.4095e-29    2.7240e-19    6.0560e-86    3.1952e-109    0.0000e+00    1.4147e-77    1.0859e-29    7.7317e-133    4.4984e-03    3.0909e-43    2.0760e-25    4.9600e-196    7.1978e-48    1.6289e-17    1.3145e-04    6.0711e-12    4.4309e-21    1.1492e-22    1.2221e-77    7.3715e-13    5.8783e-36    1.1947e-83    9.7144e-10    1.2259e-27    1.2912e-06    4.0832e-06    1.1330e-19    2.1837e-37    7.7617e-33
