0.0000e+00    6.8524e-06    5.7138e-04    3.1319e-15    2.2464e-21    4.4948e-08    3.5098e-04    1.4726e-05    4.8517e-04    3.0158e-05    1.9289e-25    8.7883e-44    1.3931e-09    4.3074e-07    3.3199e-21    1.6656e-13    2.2411e-87    3.0338e-148    2.3185e-03    3.5471e-05    3.8869e-250    2.6667e-165    1.5546e-03    1.9275e-05    3.3061e-53    1.4310e-56    5.8457e-36    1.1305e-53    1.7978e-225    2.4282e-218    1.4357e-103    1.4439e-91    3.1990e-186    5.9369e-113    1.1148e-61    9.7582e-20    3.4776e-191    5.6941e-172    2.9719e-122    7.9092e-125    0.0000e+00    0.0000e+00    8.1192e-252    3.9252e-260    1.3614e-156    8.2265e-50    3.0570e-195    1.3920e-156    4.1924e-06    2.0045e-07    2.5967e-32    8.8211e-39    1.0538e-35    3.7044e-14    9.3014e-131    3.9651e-107    9.0757e-04    5.3190e-05    1.1643e-01    5.7399e-05    6.3984e-49    4.6774e-35    1.1016e-06    2.4959e-27    6.6684e-36    6.9861e-85    1.3849e-77    1.5927e-95    2.4984e-14    1.7902e-15    6.4260e-107    1.8643e-77    1.0109e-113    1.0133e-82    3.1254e-19    8.5971e-32    3.1842e-32    3.1378e-29    1.7538e-114    2.5599e-257    2.8135e-22    9.3688e-39    6.0204e-09    2.5422e-13    2.7396e-34    3.1760e-43    9.6325e-12    3.0684e-10    8.5001e-73    3.9096e-73
6.8524e-06    0.0000e+00    1.6955e-07    4.9863e-40    6.2181e-22    5.4596e-12    1.3384e-04    2.5008e-04    5.3109e-10    1.1854e-14    5.1578e-09    1.2334e-16    5.6143e-03    1.0564e-06    3.3787e-17    9.2382e-08    1.1336e-53    2.3476e-71    2.9821e-09    7.2727e-11    1.0630e-164    1.6769e-117    3.0797e-09    4.0230e-11    3.7702e-25    1.4332e-28    1.0940e-25    7.2287e-42    7.2844e-101    9.7231e-103    3.3625e-69    4.8023e-63    4.0545e-69    5.8080e-39    6.4177e-26    2.0587e-07    3.5695e-80    1.7113e-61    3.7846e-72    1.3879e-76    0.0000e+00    0.0000e+00    1.5269e-97    5.5967e-98    8.1968e-60    4.4037e-23    1.8444e-84    9.1467e-73    1.1139e-03    9.8811e-05    5.1437e-12    4.1389e-16    1.2359e-25    4.1807e-11    3.1418e-58    1.0452e-53    2.7486e-05    2.9931e-05    1.9451e-06    3.4958e-12    6.4985e-17    2.4127e-11    3.7637e-06    7.4478e-07    3.4265e-14    7.1994e-30    1.3235e-28    3.5979e-43    8.6964e-18    1.5977e-15    8.6677e-36    2.2040e-24    3.0377e-38    1.8649e-26    5.6445e-30    1.4855e-37    4.2469e-13    3.1103e-12    1.0962e-65    1.0537e-139    1.9017e-15    3.9577e-18    3.6899e-03    8.4168e-06    3.1677e-17    9.1350e-18    6.5774e-08    5.4045e-08    2.0551e-35    3.3563e-36
5.7138e-04    1.6955e-07    0.0000e+00    7.5345e-11    1.5080e-43    2.4066e-21    2.1117e-06    2.0257e-03    1.8594e-11    1.0850e-10    4.9588e-27    5.4050e-43    9.2387e-14    1.5577e-03    2.8517e-34    5.1146e-19    7.7887e-100    9.9336e-136    8.6471e-07    4.5895e-08    2.8744e-276    5.6185e-200    1.1986e-02    1.4352e-01    1.4898e-56    3.4202e-63    1.9266e-55    4.8792e-79    1.6753e-188    2.8491e-188    4.5463e-125    4.1060e-117    1.4511e-143    3.7888e-89    1.5786e-64    7.3240e-27    4.8890e-165    1.0846e-132    5.3996e-138    5.2622e-144    0.0000e+00    0.0000e+00    2.4032e-194    1.1182e-194    2.7988e-127    9.5345e-56    5.9699e-165    4.1696e-142    5.1248e-12    2.0465e-14    2.3573e-35    1.1481e-41    2.4620e-55    1.2127e-23    3.5161e-117    1.3067e-106    3.5954e-10    1.0776e-08    1.9950e-05    3.7297e-02    1.2722e-47    1.2225e-31    2.0978e-14    8.9245e-26    2.3028e-38    2.9563e-72    3.3666e-69    7.2361e-92    1.0576e-17    2.2018e-21    6.3891e-84    2.2663e-60    1.0220e-83    5.6173e-63    2.0931e-13    9.7225e-24    1.0479e-39    1.6792e-37    1.6594e-117    6.6838e-240    9.2376e-35    3.0789e-44    1.1002e-08    1.9352e-15    2.1130e-44    1.1257e-46    4.9353e-19    1.5519e-16    8.7761e-76    8.8227e-79
3.1319e-15    4.9863e-40    7.5345e-11    0.0000e+00    9.8165e-67    1.4910e-39    1.8773e-30    8.4693e-28    1.5044e-24    1.3944e-23    1.8310e-100    1.2732e-151    1.4464e-56    4.0861e-21    3.9154e-81    1.2090e-63    1.0418e-245    0.0000e+00    9.9367e-22    8.3890e-21    0.0000e+00    0.0000e+00    4.9857e-15    3.8780e-09    1.2378e-177    1.6007e-187    8.4026e-123    2.3486e-156    0.0000e+00    0.0000e+00    2.8467e-279    6.0496e-255    0.0000e+00    1.6161e-312    2.6477e-206    3.1234e-85    0.0000e+00    0.0000e+00    0.0000e+00    0.0000e+00    0.0000e+00    0.0000e+00    0.0000e+00    0.0000e+00    0.0000e+00    7.6479e-167    0.0000e+00    0.0000e+00    9.0671e-44    3.9984e-42    5.7829e-120    7.7076e-137    5.6318e-123    4.5230e-64    0.0000e+00    1.7572e-307    3.7612e-24    3.2431e-31    1.0527e-16    1.1103e-04    4.5710e-167    4.8626e-126    3.5695e-42    1.7373e-109    1.1594e-124    1.6031e-253    7.3178e-234    5.9634e-282    2.5561e-16    6.2292e-33    1.6127e-295    1.2137e-227    5.5308e-304    1.2984e-239    1.7074e-08    3.6337e-17    1.8608e-125    1.2301e-115    1.4438e-307    0.0000e+00    6.5436e-88    1.9502e-137    2.6002e-46    8.7640e-62    7.6863e-126    6.0943e-155    4.6720e-59    2.2812e-52    1.1845e-219    1.6152e-227
2.2464e-21    6.2181e-22    1.5080e-43    9.8165e-67    0.0000e+00    1.5757e-06    4.6643e-29    3.1050e-40    1.0004e-13    3.2067e-24    1.1734e-36    9.8044e-43    2.1217e-18    3.7878e-58    1.0874e-20    1.9651e-26    7.2393e-59    2.3418e-88    6.2598e-27    1.4373e-24    9.7932e-140    8.5338e-101    2.5950e-40    1.0057e-50    3.0518e-33    4.8414e-35    9.4334e-19    1.5392e-33    1.4298e-126    2.6042e-127    1.4088e-69    2.8011e-58    1.2417e-109    9.1585e-70    3.0828e-32    8.2976e-12    9.5276e-96    1.3434e-89    1.6579e-68    4.3018e-67    0.0000e+00    0.0000e+00    9.6387e-141    2.1212e-146    3.0330e-87    7.0168e-25    4.7434e-112    1.6736e-88    5.6507e-16    3.0383e-08    2.2063e-26    9.3667e-37    3.5683e-23    1.6110e-21    3.9785e-79    2.6019e-68    1.6342e-11    1.5074e-15    7.0624e-18    1.1712e-43    2.2864e-34    1.6098e-38    7.1688e-13    2.1363e-27    8.3064e-31    2.4552e-54    8.9432e-49    7.1451e-58    3.7122e-27    6.0944e-18    1.3987e-58    2.1961e-53    7.6675e-91    1.0736e-69    9.0321e-66    7.7059e-85    3.4223e-18    1.6721e-17    1.0643e-85    3.6174e-151    6.4078e-20    4.0154e-29    3.5098e-30    7.1574e-33    2.7976e-23    1.8643e-31    1.2150e-22    6.3709e-25    2.1457e-46    2.8833e-44
4.4948e-08    5.4596e-12    2.4066e-21    1.4910e-39    1.5757e-06    0.0000e+00    4.9221e-13    2.1322e-18    5.8042e-03    8.3855e-07    2.5446e-27    2.4957e-37    4.4630e-09    2.6999e-30    1.8141e-10    2.7486e-13    6.8022e-60    1.8768e-106    1.8085e-09    1.6336e-08    2.5859e-169    1.3293e-112    9.9138e-17    2.3251e-24    5.0188e-33    8.4355e-35    8.4904e-17    2.5762e-29    5.0320e-160    6.4366e-158    1.5875e-73    5.0892e-60    1.0811e-132    1.6420e-79    2.8223e-40    5.8986e-14    1.0451e-122    2.6450e-115    6.4643e-77    1.4742e-73    0.0000e+00    0.0000e+00    2.8437e-176    1.6223e-183    8.5748e-107    1.3716e-26    7.1957e-136    2.1109e-108    8.3738e-06    2.3977e-05    4.4671e-22    3.7400e-32    2.7481e-18    1.0761e-09    6.1677e-93    2.4285e-77    1.7961e-07    1.8756e-05    3.0840e-06    8.0519e-23    1.0856e-35    7.1675e-30    8.5779e-04    5.2809e-23    3.8832e-26    2.1612e-61    1.6942e-53    7.2573e-66    1.7783e-26    3.2237e-20    6.7969e-76    2.7383e-61    3.6740e-95    2.9184e-70    2.4902e-45    1.0654e-64    6.9209e-20    6.1733e-18    1.7680e-91    2.4979e-185    1.0452e-11    2.5707e-24    9.6248e-15    3.5470e-17    1.9287e-20    9.6153e-30    9.5703e-11    6.1445e-11    8.4755e-48    7.7511e-48
3.5098e-04    1.3384e-04    2.1117e-06    1.8773e-30    4.6643e-29    4.9221e-13    0.0000e+00    1.8735e-03    1.3874e-08    1.9472e-09    6.3660e-15    7.0557e-30    5.2509e-06    1.4476e-06    1.1261e-16    1.3614e-07    1.7738e-69    1.1665e-122    1.6299e-05    1.6111e-09    3.3623e-224    4.2068e-142    1.0472e-05    1.7390e-09    9.9528e-44    2.4293e-45    2.7399e-31    1.7061e-44    1.5938e-191    7.3061e-184    8.4005e-82    1.7052e-73    1.2655e-150    1.1730e-89    4.1014e-50    2.3758e-17    1.6121e-162    1.8606e-144    8.0198e-102    3.2467e-107    0.0000e+00    0.0000e+00    2.3910e-208    3.0652e-216    7.8064e-128    1.3951e-42    1.4554e-160    4.4010e-130    4.8598e-04    8.9078e-10    3.3896e-22    1.5238e-24    1.0153e-27    2.4193e-08    8.1614e-105    3.0524e-84    1.0920e-07    5.5721e-08    1.6836e-05    1.9030e-11    1.2414e-35    3.3464e-23    4.4436e-07    1.1047e-19    1.0614e-23    1.6660e-65    7.9450e-60    2.5801e-75    1.0142e-23    1.3318e-21    2.4485e-89    3.2342e-63    1.3525e-90    6.1623e-65    1.2245e-26    1.0941e-38    3.2880e-25    2.4471e-22    6.3280e-87    1.8974e-222    1.9782e-16    1.7192e-28    2.3923e-08    6.7937e-06    5.8524e-25    5.5505e-31    1.2819e-05    4.2042e-04    6.8340e-57    3.9267e-57
1.4726e-05    2.5008e-04    2.0257e-03    8.4693e-28    3.1050e-40    2.1322e-18    1.8735e-03    0.0000e+00    5.7077e-11    3.4795e-10    1.2025e-14    2.9040e-24    1.8458e-06    1.5564e-03    8.7458e-22    2.4292e-09    2.7379e-69    3.1968e-93    3.5216e-06    5.5204e-08    2.3500e-214    1.7548e-153    1.4766e-03    7.3646e-05    1.4843e-35    2.1521e-40    2.2461e-39    7.7540e-57    2.2958e-129    4.9435e-131    3.1657e-91    4.3445e-85    3.5319e-89    5.0554e-52    1.9246e-42    3.5163e-19    9.7326e-110    4.6521e-85    1.5609e-97    2.5407e-102    0.0000e+00    0.0000e+00    1.5722e-124    1.4343e-124    2.8781e-79    2.0880e-35    3.9031e-108    3.5221e-96    2.6184e-06    5.5514e-12    3.0871e-19    5.5211e-24    1.0146e-37    2.5282e-13    1.9937e-76    6.0976e-72    2.0390e-11    5.9228e-07    1.0382e-06    3.2039e-08    7.4304e-28    2.1461e-15    1.0741e-09    1.1337e-13    2.0588e-21    3.4007e-43    8.9095e-41    4.2727e-59    1.5425e-26    8.8250e-26    1.0901e-53    6.5426e-38    6.0720e-51    3.3308e-37    2.7087e-25    2.0430e-36    2.2024e-25    6.1074e-24    1.0727e-82    1.0537e-176    1.2454e-21    9.4025e-26    7.6351e-04    5.2810e-06    1.9190e-27    1.6914e-27    8.0326e-10    3.0219e-08    5.4270e-48    2.9846e-51
4.8517e-04    5.3109e-10    1.8594e-11    1.5044e-24    1.0004e-13    5.8042e-03    1.3874e-08    5.7077e-11    0.0000e+00    9.2367e-03    8.3561e-29    1.0303e-43    8.1275e-10    3.0605e-18    1.7503e-13    9.3343e-13    2.5974e-74    7.7383e-136    6.1768e-04    6.2632e-03    7.6460e-216    6.0797e-140    1.0836e-07    1.2675e-12    2.5553e-44    2.5214e-47    3.0522e-24    3.9669e-38    8.1412e-204    2.3285e-199    1.8630e-90    6.1088e-76    9.9046e-164    9.8601e-100    1.5841e-56    4.4613e-21    4.9608e-154    1.0423e-141    2.7133e-99    2.8290e-96    0.0000e+00    0.0000e+00    7.5201e-218    7.4991e-226    5.3864e-136    3.1378e-39    1.0834e-170    3.9080e-140    2.5334e-05    5.6989e-08    2.3532e-28    3.4856e-38    2.1171e-25    3.0706e-11    6.1500e-118    3.1678e-98    9.1727e-08    1.7837e-03    2.5027e-02    8.0081e-13    8.0644e-46    7.7026e-34    8.3958e-04    1.6513e-27    2.3886e-32    6.5375e-78    1.0649e-68    1.9727e-85    6.1869e-25    2.2781e-23    1.9008e-98    1.4983e-76    1.8743e-110    2.0679e-82    8.5348e-34    3.5509e-52    1.6956e-29    1.7976e-26    2.9410e-109    2.0996e-232    2.4515e-15    1.1542e-31    1.9881e-11    2.4858e-15    4.8965e-28    2.6297e-39    2.5408e-11    4.4041e-10    8.0997e-62    1.6430e-63
3.0158e-05    1.1854e-14    1.0850e-10    1.3944e-23    3.2067e-24    8.3855e-07    1.9472e-09    3.4795e-10    9.2367e-03    0.0000e+00    1.5836e-37    4.7916e-57    1.1211e-14    3.2519e-15    4.2425e-16    2.9424e-14    5.2448e-92    5.5511e-179    2.1788e-02    1.4420e-02    2.7650e-275    2.4708e-173    2.6518e-05    8.7698e-10    5.7484e-61    4.0480e-64    1.2354e-33    1.2910e-45    2.6849e-271    3.9554e-262    3.6932e-111    1.1005e-94    3.8342e-217    3.8889e-134    1.2348e-80    2.1453e-33    5.3152e-204    2.0872e-190    1.2586e-127    9.4810e-123    0.0000e+00    0.0000e+00    9.5882e-288    1.6221e-299    2.0488e-182    1.4123e-55    1.5018e-224    4.1477e-186    1.7700e-08    8.6062e-15    2.4142e-39    2.3014e-50    3.7232e-33    1.6504e-12    4.2685e-155    1.6808e-128    4.2216e-12    2.8418e-07    8.6041e-05    1.5795e-12    1.8141e-64    3.0679e-45    3.9385e-08    1.0885e-40    9.8023e-44    6.6069e-107    3.6057e-93    1.4244e-113    2.0383e-31    7.1149e-33    2.1952e-138    7.9515e-107    4.5392e-145    1.5661e-109    9.2915e-37    2.8329e-56    4.2758e-44    4.9772e-40    1.4234e-135    2.5935e-301    1.0566e-19    1.1550e-42    1.1210e-13    8.1534e-17    7.1387e-39    1.5458e-54    1.0754e-12    7.4688e-11    5.5742e-81    1.0837e-84
1.9289e-25    5.1578e-09    4.9588e-27    1.8310e-100    1.1734e-36    2.5446e-27    6.3660e-15    1.2025e-14    8.3561e-29    1.5836e-37    0.0000e+00    1.8086e-03    5.1811e-07    1.6579e-18    2.3629e-16    2.9361e-07    5.4482e-29    5.8244e-41    5.1375e-28    1.5499e-29    6.1848e-115    2.5146e-74    2.5692e-28    2.1853e-33    5.3757e-14    3.5166e-15    4.4425e-20    3.8190e-30    6.6011e-70    1.5225e-67    4.7034e-38    4.6632e-36    3.9636e-47    7.1403e-25    1.1723e-12    4.7960e-09    4.3026e-66    5.2858e-55    2.1770e-46    6.9048e-55    1.5656e-314    0.0000e+00    3.1405e-73    2.8224e-74    2.9297e-41    8.4231e-18    1.3087e-57    7.6124e-45    2.5363e-10    1.4151e-17    1.8128e-06    2.3104e-03    5.0286e-18    1.2037e-12    6.2697e-33    6.8193e-26    3.3267e-22    1.5430e-20    5.4380e-26    6.4763e-39    2.8713e-06    2.1832e-04    8.6674e-15    3.6711e-04    8.6980e-09    4.8539e-15    1.1864e-14    7.5475e-22    2.8648e-44    1.0197e-34    1.7066e-29    4.4301e-18    1.2564e-24    1.1943e-15    1.4428e-66    1.8580e-67    2.2439e-07    8.9829e-08    2.1013e-30    5.7162e-96    3.5504e-13    5.5943e-10    2.6926e-11    3.6930e-06    1.5143e-09    9.8433e-07    2.7705e-09    2.6903e-11    6.8991e-18    3.8495e-18
8.7883e-44    1.2334e-16    5.4050e-43    1.2732e-151    9.8044e-43    2.4957e-37    7.0557e-30    2.9040e-24    1.0303e-43    4.7916e-57    1.8086e-03    0.0000e+00    7.7088e-12    1.6846e-31    1.4013e-19    7.7075e-13    4.4268e-17    1.1230e-22    9.1996e-46    9.5672e-45    6.7576e-83    4.6120e-53    4.7392e-47    2.0530e-50    9.3427e-08    2.4716e-08    2.2357e-18    4.2584e-24    4.9241e-42    4.3920e-41    6.9882e-26    8.6844e-25    4.6720e-23    2.6415e-10    5.4725e-07    4.4469e-13    5.1797e-39    2.8444e-34    6.4304e-28    3.0154e-34    2.2611e-213    5.5080e-266    1.9215e-39    9.7126e-41    7.3073e-20    1.8919e-11    9.5380e-31    2.2133e-24    2.1491e-17    5.8996e-25    4.2100e-05    2.9587e-02    3.8181e-16    9.7081e-18    1.1287e-15    2.5377e-13    2.0513e-35    1.5271e-28    2.1789e-41    4.5484e-59    7.6892e-03    3.7928e-03    3.3847e-23    3.1014e-05    1.2697e-07    5.3693e-06    2.7127e-05    1.6388e-09    3.4162e-61    1.0043e-47    6.9519e-20    3.1123e-13    9.0664e-14    1.1585e-08    2.6553e-97    2.2338e-93    5.7194e-07    3.4325e-08    5.8736e-19    2.9140e-65    1.8187e-14    3.3727e-06    1.3451e-16    2.7460e-10    1.8512e-07    1.5607e-03    6.6658e-16    1.8353e-19    2.4839e-08    9.1193e-09
1.3931e-09    5.6143e-03    9.2387e-14    1.4464e-56    2.1217e-18    4.4630e-09    5.2509e-06    1.8458e-06    8.1275e-10    1.1211e-14    5.1811e-07    7.7088e-12    0.0000e+00    2.4708e-12    1.6881e-08    3.2076e-04    2.3281e-38    3.8925e-59    6.1177e-11    2.9478e-12    7.6942e-132    3.2289e-89    5.6001e-13    1.9058e-17    1.3321e-16    4.3744e-18    5.2516e-15    1.6000e-25    6.2676e-86    1.4236e-87    6.3745e-51    2.6055e-43    1.2721e-55    3.6857e-29    4.7619e-19    1.7659e-06    1.6374e-59    2.1005e-48    1.3867e-49    9.9781e-51    4.6660e-303    0.0000e+00    2.2913e-79    1.5497e-81    8.4280e-46    2.6697e-13    1.7121e-66    6.5184e-58    1.4587e-01    3.8645e-05    1.7601e-05    2.5569e-10    3.0426e-13    1.0775e-04    1.4633e-45    3.4489e-41    2.7684e-09    2.2358e-05    6.0082e-09    2.3174e-20    2.3144e-11    8.2054e-07    1.1469e-03    4.4109e-05    5.4693e-07    1.8993e-22    1.2461e-19    2.3261e-31    4.1663e-29    6.3481e-22    1.2410e-30    1.1330e-22    7.7468e-35    1.1631e-23    1.4847e-43    2.0813e-53    8.1040e-08    1.3172e-06    4.1043e-53    1.3059e-118    3.9570e-07    2.5733e-09    7.6852e-04    6.9689e-03    1.5549e-08    2.5024e-10    1.3085e-03    5.9270e-04    3.4019e-23    4.8339e-24
4.3074e-07    1.0564e-06    1.5577e-03    4.0861e-21    3.7878e-58    2.6999e-30    1.4476e-06    1.5564e-03    3.0605e-18    3.2519e-15    1.6579e-18    1.6846e-31    2.4708e-12    0.0000e+00    6.5501e-36    1.2482e-14    1.3499e-92    1.1181e-115    2.1001e-08    3.9080e-12    1.7975e-273    1.0250e-198    2.7699e-04    3.6198e-04    2.5124e-50    5.3580e-59    5.7176e-60    3.9049e-85    8.5768e-163    4.1867e-162    9.5876e-122    7.5049e-119    1.9699e-116    2.1365e-71    5.2910e-56    9.7685e-24    4.8559e-147    5.7318e-111    8.8414e-137    9.1645e-149    0.0000e+00    0.0000e+00    1.9181e-162    6.1913e-159    8.7338e-108    2.8751e-53    1.5657e-144    1.6007e-124    1.9466e-12    3.7248e-18    1.0981e-30    6.8623e-33    7.2267e-60    6.6182e-24    5.4754e-99    8.8842e-92    1.1747e-12    3.2060e-14    1.7501e-11    1.9153e-06    6.5923e-39    4.8522e-25    3.6545e-18    1.6380e-21    1.5738e-35    1.1847e-58    3.3280e-56    3.4382e-78    2.1044e-21    1.5936e-26    2.7841e-71    4.2378e-48    1.0889e-62    8.2380e-47    1.7899e-20    4.4680e-28    1.0732e-35    3.3736e-35    2.0315e-99    1.4408e-219    9.4579e-37    3.4497e-41    1.6847e-06    3.3672e-11    8.6259e-43    1.8853e-41    1.7962e-16    1.2618e-15    1.9817e-65    3.8438e-72
3.3199e-21    3.3787e-17    2.8517e-34    3.9154e-81    1.0874e-20    1.8141e-10    1.1261e-16    8.7458e-22    1.7503e-13    4.2425e-16    2.3629e-16    1.4013e-19    1.6881e-08    6.5501e-36    0.0000e+00    4.8736e-05    4.8012e-26    6.4619e-70    1.3010e-16    8.9408e-17    5.2044e-117    7.6307e-65    9.8546e-26    1.0745e-37    6.3632e-15    1.4436e-14    1.4145e-04    1.2128e-07    1.8880e-122    3.7236e-117    6.0612e-36    1.8904e-26    1.1165e-105    8.4912e-59    1.1314e-25    2.9600e-17    1.7192e-106    4.7119e-111    4.2888e-43    2.1750e-41    0.0000e+00    0.0000e+00    1.5042e-145    3.0812e-156    9.3329e-81    8.6435e-15    2.8897e-99    8.4498e-74    8.2458e-07    1.2926e-16    1.6973e-11    7.7629e-16    1.3398e-03    4.9237e-03    1.2066e-59    7.4183e-45    2.4156e-22    8.5103e-15    2.0824e-19    4.0054e-43    2.4547e-22    3.3936e-17    9.3537e-08    1.2839e-17    8.3125e-16    3.8256e-43    2.5872e-34    3.8717e-38    1.1061e-55    3.0443e-45    1.3326e-70    5.1891e-56    2.8200e-79    9.2814e-57    7.6966e-79    4.7570e-99    3.3847e-13    1.5253e-12    1.0613e-51    1.9209e-136    3.0551e-01    1.3999e-08    1.2838e-16    3.1218e-10    1.0524e-07    2.2329e-14    8.2669e-05    2.6284e-06    1.3605e-23    1.7863e-23
1.6656e-13    9.2382e-08    5.1146e-19    1.2090e-63    1.9651e-26    2.7486e-13    1.3614e-07    2.4292e-09    9.3343e-13    2.9424e-14    2.9361e-07    7.7075e-13    3.2076e-04    1.2482e-14    4.8736e-05    0.0000e+00    7.5527e-33    2.5813e-70    4.2164e-10    1.3973e-12    3.2047e-140    1.2973e-83    5.8628e-14    1.0442e-21    2.1910e-17    1.1648e-18    4.9150e-12    4.3588e-19    7.8128e-121    9.8629e-116    9.3746e-45    4.5754e-38    7.9914e-96    1.6529e-52    1.5927e-25    2.5484e-13    4.0825e-104    1.8657e-99    2.8255e-55    7.2318e-58    0.0000e+00    0.0000e+00    8.1365e-136    9.0198e-143    2.4428e-77    5.0478e-19    1.2989e-98    8.9519e-76    1.1316e-03    1.7342e-13    9.8707e-10    1.8032e-11    7.7328e-11    2.0464e-03    4.9529e-59    4.7426e-46    9.6120e-16    7.4648e-12    2.6104e-14    4.6846e-28    2.0628e-18    3.2140e-11    5.3234e-07    2.5670e-11    9.7961e-14    8.2247e-38    2.3758e-31    3.9689e-39    1.1329e-41    1.2339e-36    1.2214e-62    1.0850e-44    1.4467e-60    8.0663e-42    2.5380e-58    1.4367e-71    1.8422e-12    3.8392e-12    3.8934e-51    5.9171e-143    1.0944e-04    2.1629e-10    4.3163e-07    4.7480e-03    1.1576e-09    9.4873e-14    4.6659e-02    3.1380e-03    4.4252e-26    4.4161e-27
2.2411e-87    1.1336e-53    7.7887e-100    1.0418e-245    7.2393e-59    6.8022e-60    1.7738e-69    2.7379e-69    2.5974e-74    5.2448e-92    5.4482e-29    4.4268e-17    2.3281e-38    1.3499e-92    4.8012e-26    7.5527e-33    0.0000e+00    2.5496e-13    6.3530e-84    8.7364e-79    2.9847e-32    2.9354e-11    4.7915e-97    1.2579e-110    4.5151e-09    1.2866e-06    3.1722e-15    1.1791e-09    2.3071e-34    9.6854e-31    2.9259e-04    7.2093e-03    3.8074e-31    2.1289e-21    8.3294e-14    3.9112e-38    3.2564e-38    1.0595e-54    2.8738e-04    4.0022e-06    1.0993e-130    1.2650e-118    1.3260e-41    4.1280e-50    1.3617e-21    1.2369e-14    1.3887e-21    1.6477e-14    2.8533e-43    1.7606e-56    1.7235e-19    1.2458e-16    4.7163e-14    7.5118e-34    4.6092e-10    6.4834e-07    1.4905e-73    6.6575e-61    8.2991e-81    1.8677e-122    1.9665e-17    5.6982e-24    4.4062e-48    3.8512e-30    5.7284e-24    6.6271e-19    2.2923e-13    1.9305e-06    3.9007e-118    2.8841e-96    7.7433e-45    9.9506e-45    3.1787e-48    8.8375e-41    4.5295e-184    5.1479e-188    4.0976e-21    8.1824e-24    5.8960e-10    2.4952e-39    6.5184e-21    1.2206e-11    3.5608e-53    4.9580e-38    4.6089e-14    3.3539e-13    1.6473e-36    2.9074e-43    2.6494e-05    1.1732e-04
3.0338e-148    2.3476e-71    9.9336e-136    0.0000e+00    2.3418e-88    1.8768e-106    1.1665e-122    3.1968e-93    7.7383e-136    5.5511e-179    5.8244e-41    1.1230e-22    3.8925e-59    1.1181e-115    6.4619e-70    2.5813e-70    2.5496e-13    0.0000e+00    1.0029e-157    3.5959e-141    5.2807e-14    1.2631e-14    5.4699e-160    2.3056e-151    2.9057e-19    1.0549e-17    6.1304e-46    5.5271e-43    2.0212e-06    4.5776e-05    1.3278e-16    1.4992e-19    8.7015e-14    2.0234e-15    1.6306e-14    6.6300e-49    1.2678e-31    7.7597e-45    1.2593e-10    3.1689e-16    2.8692e-83    1.2871e-87    2.7927e-17    6.4327e-21    9.9622e-11    8.8104e-26    6.3688e-07    7.5591e-02    8.7846e-75    1.6587e-76    5.3405e-34    6.9314e-28    1.6934e-44    6.6833e-74    4.0009e-03    2.6495e-04    4.6654e-111    4.7612e-86    5.9768e-131    2.6645e-167    1.4699e-21    4.6543e-32    7.4386e-84    5.8741e-36    2.5950e-38    3.4259e-14    5.0430e-15    3.2945e-06    1.0865e-141    6.1853e-109    1.9638e-29    1.6492e-30    1.3705e-26    8.1682e-26    2.5537e-243    1.1022e-207    2.7572e-31    2.0276e-35    1.2342e-09    1.6867e-10    7.8516e-55    1.5023e-27    5.3716e-68    1.2016e-60    1.9682e-32    2.9268e-22    4.9218e-77    3.1269e-87    9.7224e-15    2.7260e-11
2.3185e-03    2.9821e-09    8.6471e-07    9.9367e-22    6.2598e-27    1.8085e-09    1.6299e-05    3.5216e-06    6.1768e-04    2.1788e-02    5.1375e-28    9.1996e-46    6.1177e-11    2.1001e-08    1.3010e-16    4.2164e-10    6.3530e-84    1.0029e-157    0.0000e+00    1.7960e-02    1.8222e-262    1.8764e-166    8.1023e-03    1.0232e-06    1.7002e-53    1.5687e-57    3.0622e-33    8.0857e-47    5.0877e-243    1.9099e-234    5.1457e-103    2.1744e-90    2.6129e-195    1.5558e-118    2.1886e-69    4.0253e-27    1.4886e-193    8.3941e-178    6.8998e-122    6.3087e-122    0.0000e+00    0.0000e+00    1.6791e-262    1.3085e-272    2.0034e-164    6.9642e-51    1.1543e-203    1.6865e-166    3.6732e-06    6.1462e-13    2.5106e-33    4.9521e-41    5.6392e-33    1.9340e-11    1.3163e-136    5.1609e-113    3.4524e-09    8.2467e-07    5.5071e-04    1.0849e-09    5.4945e-54    7.0824e-37    8.5396e-08    2.5511e-32    5.7396e-38    2.1184e-92    2.8983e-81    1.0993e-99    7.9494e-26    3.8590e-29    2.0056e-122    4.0879e-91    1.7760e-124    3.3632e-92    3.0972e-32    1.0822e-48    2.2092e-37    1.9789e-34    2.6701e-118    3.5995e-275    9.2503e-19    1.2581e-37    3.2865e-09    6.5528e-12    1.8051e-34    1.3662e-46    1.1434e-09    2.1650e-08    1.7866e-72    2.1587e-75
3.5471e-05    7.2727e-11    4.5895e-08    8.3890e-21    1.4373e-24    1.6336e-08    1.6111e-09    5.5204e-08    6.2632e-03    1.4420e-02    1.5499e-29    9.5672e-45    2.9478e-12    3.9080e-12    8.9408e-17    1.3973e-12    8.7364e-79    3.5959e-141    1.7960e-02    0.0000e+00    1.5915e-235    9.0040e-155    6.1996e-04    3.4790e-07    2.9641e-46    2.8577e-51    3.4463e-30    1.6874e-45    8.5351e-214    3.4398e-209    8.4693e-100    2.2655e-86    1.0620e-175    3.5858e-106    6.7286e-63    1.6078e-27    2.5765e-175    6.9232e-162    8.4830e-112    7.2257e-110    0.0000e+00    0.0000e+00    8.6953e-235    4.4587e-243    2.7837e-146    9.6568e-45    6.0084e-182    1.3446e-148    1.4203e-07    1.8075e-13    9.5623e-33    9.2227e-42    9.1485e-33    9.5973e-15    5.7749e-124    9.7974e-105    4.7634e-12    4.2568e-05    5.9806e-04    3.8688e-10    1.4001e-50    7.3861e-35    6.9124e-07    1.4439e-29    1.4312e-38    5.7792e-84    3.1787e-74    2.3152e-91    2.2444e-29    8.4595e-32    2.0531e-109    9.8603e-83    6.8685e-114    1.0051e-84    2.4105e-34    2.6583e-52    7.9470e-36    1.5549e-33    7.4513e-115    5.6635e-245    5.1457e-19    6.7135e-35    3.1415e-09    1.9630e-15    1.0835e-33    6.0145e-44    7.5685e-14    1.8199e-12    6.1524e-67    8.4520e-70
3.8869e-250    1.0630e-164    2.8744e-276    0.0000e+00    9.7932e-140    2.5859e-169    3.3623e-224    2.3500e-214    7.6460e-216    2.7650e-275    6.1848e-115    6.7576e-83    7.6942e-132    1.7975e-273    5.2044e-117    3.2047e-140    2.9847e-32    5.2807e-14    1.8222e-262    1.5915e-235    0.0000e+00    1.4331e-11    5.1891e-289    3.3195e-303    6.5959e-55    1.7007e-49    1.7821e-81    3.2939e-73    1.0045e-16    8.1156e-12    2.8750e-27    5.2454e-34    2.4403e-48    3.7614e-61    1.0065e-46    7.6662e-104    1.0578e-65    7.3004e-92    1.2406e-27    2.1001e-37    1.5099e-79    4.2917e-61    3.7316e-43    1.6847e-51    8.8704e-41    2.7118e-64    1.9522e-25    4.8870e-16    2.0008e-147    2.6601e-148    2.9027e-86    1.1033e-79    9.5165e-82    1.8295e-133    6.6896e-25    2.0078e-22    8.0683e-195    2.8707e-169    7.5423e-225    7.9689e-313    5.5233e-70    8.6393e-101    4.1615e-151    6.2363e-105    2.3869e-93    1.0917e-58    1.1417e-55    1.2766e-31    1.0877e-251    5.2958e-191    4.3339e-79    1.4398e-98    9.6305e-116    2.4234e-110    0.0000e+00    0.0000e+00    2.3065e-74    4.1403e-81    2.2757e-23    1.1326e-04    1.0456e-101    3.9694e-71    6.9083e-169    1.4228e-146    3.1093e-74    3.0711e-65    2.3931e-143    5.4073e-160    1.9071e-44    3.1586e-38
2.6667e-165    1.6769e-117    5.6185e-200    0.0000e+00    8.5338e-101    1.3293e-112    4.2068e-142    1.7548e-153    6.0797e-140    2.4708e-173    2.5146e-74    4.6120e-53    3.2289e-89    1.0250e-198    7.6307e-65    1.2973e-83    2.9354e-11    1.2631e-14    1.8764e-166    9.0040e-155    1.4331e-11    0.0000e+00    3.9687e-193    2.1855e-220    4.9619e-34    2.4956e-28    2.3213e-43    5.7404e-34    4.1952e-33    1.6827e-25    1.2415e-05    3.1016e-09    2.0656e-50    4.4629e-50    1.5321e-31    1.1300e-73    6.4425e-64    9.5324e-89    3.9650e-13    1.5947e-21    7.1738e-132    8.2925e-104    1.9959e-56    9.3745e-68    1.3376e-39    3.9952e-43    1.0231e-29    8.8437e-18    3.1864e-96    1.7276e-108    3.3922e-54    5.9876e-47    6.9932e-42    6.6796e-79    4.1816e-19    8.5437e-12    5.4699e-136    5.4157e-124    4.5143e-153    5.9239e-229    5.7743e-46    5.3459e-68    1.0415e-98    2.9163e-74    1.1901e-59    8.5395e-44    3.4701e-38    3.1491e-19    4.5780e-196    9.5163e-152    3.1833e-73    1.0556e-83    1.2286e-99    3.4616e-90    7.1961e-310    1.5545e-310    3.3710e-48    1.0407e-52    9.4297e-09    2.1495e-23    2.9936e-57    5.2847e-42    3.9770e-124    1.3966e-96    5.3017e-42    1.0126e-39    4.2793e-85    2.2545e-96    4.0952e-24    4.6425e-20
1.5546e-03    3.0797e-09    1.1986e-02    4.9857e-15    2.5950e-40    9.9138e-17    1.0472e-05    1.4766e-03    1.0836e-07    2.6518e-05    2.5692e-28    4.7392e-47    5.6001e-13    2.7699e-04    9.8546e-26    5.8628e-14    4.7915e-97    5.4699e-160    8.1023e-03    6.1996e-04    5.1891e-289    3.9687e-193    0.0000e+00    4.0841e-02    4.2970e-59    4.3570e-65    2.6137e-47    1.5145e-66    8.2605e-239    3.7209e-232    1.6286e-120    6.0244e-110    1.3667e-187    3.3281e-115    1.7625e-73    8.7362e-30    8.2554e-198    4.0594e-172    2.0780e-140    3.3327e-144    0.0000e+00    0.0000e+00    8.5898e-254    2.0175e-259    2.6248e-162    1.4502e-58    5.0478e-204    1.2323e-169    3.5401e-09    1.0373e-15    4.7852e-37    1.2743e-43    5.7913e-47    1.2783e-17    3.1920e-139    3.3456e-118    1.9503e-11    2.6980e-08    8.1744e-05    8.1106e-05    1.5719e-55    1.0138e-36    4.2768e-11    4.6194e-32    9.9691e-42    6.0376e-91    2.0192e-82    1.9629e-104    1.1538e-24    4.4300e-28    2.2040e-116    5.8742e-85    3.4553e-115    5.7332e-86    1.6667e-22    4.6807e-36    6.3427e-42    3.5574e-39    3.4861e-124    2.2357e-280    6.1317e-28    7.0844e-44    8.1785e-09    1.6779e-13    3.4121e-42    1.4791e-50    2.8153e-14    4.2346e-12    3.4875e-79    1.1950e-83
1.9275e-05    4.0230e-11    1.4352e-01    3.8780e-09    1.0057e-50    2.3251e-24    1.7390e-09    7.3646e-05    1.2675e-12    8.7698e-10    2.1853e-33    2.0530e-50    1.9058e-17    3.6198e-04    1.0745e-37    1.0442e-21    1.2579e-110    2.3056e-151    1.0232e-06    3.4790e-07    3.3195e-303    2.1855e-220    4.0841e-02    0.0000e+00    1.5917e-63    6.9490e-72    1.7410e-62    1.5972e-87    1.1031e-206    4.3486e-207    4.9934e-141    4.8866e-132    4.0114e-153    5.9198e-97    1.9900e-75    1.3447e-33    1.1524e-170    1.7848e-135    3.8689e-152    1.1382e-156    0.0000e+00    0.0000e+00    1.1693e-204    1.0610e-203    1.1044e-137    2.0437e-62    5.1760e-179    9.9282e-158    5.9954e-15    1.2558e-18    1.7847e-41    9.5955e-50    2.5962e-63    2.0394e-27    2.9551e-130    1.3685e-120    1.2654e-13    1.1478e-10    3.1005e-07    2.9712e-02    3.2424e-56    1.3823e-37    4.0142e-17    2.4464e-32    1.1024e-45    3.6051e-82    2.8321e-77    2.3897e-103    8.2807e-22    2.0055e-27    1.8588e-94    4.9400e-70    2.7268e-92    1.8740e-71    6.6553e-16    2.2299e-27    9.7471e-48    1.9171e-45    9.0292e-133    1.5236e-263    1.1956e-39    1.1705e-50    4.9263e-10    1.0146e-18    8.6813e-52    1.8118e-55    1.2635e-22    5.5581e-20    8.1347e-84    6.9056e-90
3.3061e-53    3.7702e-25    1.4898e-56    1.2378e-177    3.0518e-33    5.0188e-33    9.9528e-44    1.4843e-35    2.5553e-44    5.7484e-61    5.3757e-14    9.3427e-08    1.3321e-16    2.5124e-50    6.3632e-15    2.1910e-17    4.5151e-09    2.9057e-19    1.7002e-53    2.9641e-46    6.5959e-55    4.9619e-34    4.2970e-59    1.5917e-63    0.0000e+00    1.7349e-01    3.7120e-08    2.2857e-11    5.1665e-38    6.5975e-39    2.1310e-19    1.5849e-14    1.3638e-29    6.5306e-14    4.3676e-06    9.9808e-18    1.7476e-34    4.9867e-40    2.4078e-14    4.9348e-14    1.2742e-167    9.7739e-180    3.3379e-43    8.7571e-47    1.0550e-19    1.4135e-03    6.6180e-28    1.7003e-19    3.5863e-21    6.3011e-28    5.1445e-08    7.0608e-10    1.1738e-09    2.9454e-20    8.3571e-15    3.5595e-13    1.7134e-42    1.5031e-28    1.4047e-46    1.5222e-72    1.1590e-07    3.3238e-09    5.6868e-24    1.3903e-10    4.1515e-13    3.7484e-11    2.2689e-07    5.1148e-08    4.8699e-74    2.1643e-58    9.4617e-27    1.0626e-23    3.0495e-29    2.4122e-21    4.7028e-124    8.0345e-124    2.8027e-08    3.1777e-10    5.0760e-24    4.2723e-54    8.6315e-11    2.0376e-03    7.4298e-22    2.9900e-19    1.3695e-06    5.4795e-05    8.9328e-22    8.0780e-27    8.5363e-05    7.0030e-05
1.4310e-56    1.4332e-28    3.4202e-63    1.6007e-187    4.8414e-35    8.4355e-35    2.4293e-45    2.1521e-40    2.5214e-47    4.0480e-64    3.5166e-15    2.4716e-08    4.3744e-18    5.3580e-59    1.4436e-14    1.1648e-18    1.2866e-06    1.0549e-17    1.5687e-57    2.8577e-51    1.7007e-49    2.4956e-28    4.3570e-65    6.9490e-72    1.7349e-01    0.0000e+00    5.4154e-08    2.5875e-09    7.3808e-38    2.1330e-37    1.9039e-14    5.3139e-10    7.4243e-31    3.5474e-15    2.4893e-05    2.7240e-18    7.3593e-37    5.4899e-44    2.7803e-11    1.6130e-11    3.3772e-171    3.9592e-178    2.8067e-45    4.7409e-50    2.9084e-20    5.0882e-04    2.8678e-27    7.4910e-18    9.1683e-23    7.5201e-30    8.4227e-08    1.1046e-08    7.1480e-08    1.7632e-19    2.4853e-13    2.5308e-10    7.0022e-45    3.0785e-32    4.1852e-50    3.8307e-80    1.8992e-07    3.2420e-10    6.7065e-26    3.1615e-12    6.9558e-12    4.0486e-11    2.5016e-07    2.5275e-06    3.2170e-79    2.2348e-60    5.4188e-28    1.0106e-25    8.5914e-34    6.2228e-25    7.3498e-131    2.1121e-132    7.7966e-08    1.4918e-09    1.9946e-19    2.2706e-51    2.0209e-10    3.2850e-03    3.3936e-27    9.9023e-21    1.1439e-05    6.9911e-04    1.9634e-21    1.3452e-26    1.2613e-03    6.9020e-03
5.8457e-36    1.0940e-25    1.9266e-55    8.4026e-123    9.4334e-19    8.4904e-17    2.7399e-31    2.2461e-39    3.0522e-24    1.2354e-33    4.4425e-20    2.2357e-18    5.2516e-15    5.7176e-60    1.4145e-04    4.9150e-12    3.1722e-15    6.1304e-46    3.0622e-33    3.4463e-30    1.7821e-81    2.3213e-43    2.6137e-47    1.7410e-62    3.7120e-08    5.4154e-08    0.0000e+00    3.6483e-04    5.3375e-85    1.2386e-81    2.4524e-23    4.0731e-16    5.2735e-74    3.3048e-42    6.0880e-15    6.1512e-16    1.4665e-70    1.1119e-77    2.7043e-26    8.5730e-26    8.0904e-281    3.9481e-266    6.8003e-101    1.5076e-109    1.1838e-54    1.0077e-08    6.8965e-68    1.2944e-48    3.0420e-14    2.0283e-21    6.2257e-11    1.3360e-14    1.1043e-02    1.6907e-10    2.0671e-39    3.1962e-29    6.9292e-30    6.9257e-24    5.5248e-32    4.4823e-66    1.1012e-16    2.4944e-19    2.2083e-14    2.4968e-18    2.4622e-16    4.1519e-31    2.2782e-23    4.0484e-24    1.0423e-64    1.2699e-50    1.8655e-53    2.0191e-47    3.2523e-69    9.0640e-52    1.1639e-108    3.7052e-127    2.2140e-09    2.9290e-10    1.9811e-37    6.3441e-97    1.5307e-03    8.8511e-07    4.6476e-28    1.5643e-20    2.0991e-05    4.7197e-11    1.2182e-12    1.8460e-16    4.5304e-14    8.4506e-14
1.1305e-53    7.2287e-42    4.8792e-79    2.3486e-156    1.5392e-33    2.5762e-29    1.7061e-44    7.7540e-57    3.9669e-38    1.2910e-45    3.8190e-30    4.2584e-24    1.6000e-25    3.9049e-85    1.2128e-07    4.3588e-19    1.1791e-09    5.5271e-43    8.0857e-47    1.6874e-45    3.2939e-73    5.7404e-34    1.5145e-66    1.5972e-87    2.2857e-11    2.5875e-09    3.6483e-04    0.0000e+00    3.6877e-82    3.3089e-77    6.4296e-16    4.8623e-10    6.4054e-73    3.3873e-44    2.4716e-20    9.2802e-29    3.4438e-70    1.3978e-83    8.2501e-20    7.0570e-19    4.9308e-255    2.4223e-228    7.3974e-97    2.4385e-108    5.0797e-53    2.0879e-12    1.2767e-61    5.8679e-45    1.3201e-24    2.0736e-36    1.1792e-15    1.0941e-18    2.7093e-03    2.6884e-14    2.3482e-35    3.5352e-26    5.3780e-47    2.3523e-39    5.6956e-49    2.6507e-93    1.5224e-22    1.7872e-26    2.1535e-26    1.1976e-29    3.2314e-20    3.4179e-35    1.8118e-25    5.1840e-22    5.2104e-92    8.5143e-74    6.6355e-64    8.7482e-61    1.3358e-81    5.9795e-64    7.5034e-143    4.2337e-168    5.1250e-17    4.9805e-18    5.3967e-31    1.6058e-90    1.9190e-06    7.8871e-09    2.3033e-44    4.7986e-29    1.5775e-08    9.1317e-15    3.1238e-18    1.7428e-22    5.9062e-13    1.7722e-12
1.7978e-225    7.2844e-101    1.6753e-188    0.0000e+00    1.4298e-126    5.0320e-160    1.5938e-191    2.2958e-129    8.1412e-204    2.6849e-271    6.6011e-70    4.9241e-42    6.2676e-86    8.5768e-163    1.8880e-122    7.8128e-121    2.3071e-34    2.0212e-06    5.0877e-243    8.5351e-214    1.0045e-16    4.1952e-33    8.2605e-239    1.1031e-206    5.1665e-38    7.3808e-38    5.3375e-85    3.6877e-82    0.0000e+00    1.0015e-01    5.4499e-43    1.6555e-48    5.7934e-12    1.1822e-20    3.6547e-28    4.7302e-71    2.7459e-31    1.6684e-42    6.0380e-23    1.8222e-28    1.0838e-51    9.8438e-64    1.5374e-09    2.0045e-10    8.4690e-12    1.2643e-40    1.7527e-06    4.2891e-05    7.4518e-112    1.6332e-99    6.5543e-53    3.4561e-49    1.4424e-80    1.1778e-118    5.4088e-10    6.6442e-16    3.9461e-163    4.5949e-113    2.8238e-190    1.0434e-227    5.3638e-36    1.1028e-49    1.3822e-125    1.2211e-53    2.0368e-56    2.4980e-22    9.6698e-26    4.9711e-17    2.9324e-183    2.7677e-133    3.7253e-29    6.6142e-35    2.3951e-30    7.9248e-33    1.1149e-317    1.2093e-254    1.2392e-50    9.5937e-55    9.8536e-26    3.9139e-06    4.9063e-95    2.7408e-48    4.9556e-93    2.1915e-89    2.2416e-54    2.8589e-41    1.5702e-126    4.9087e-138    2.8447e-30    5.3314e-27
2.4282e-218    9.7231e-103    2.8491e-188    0.0000e+00    2.6042e-127    6.4366e-158    7.3061e-184    4.9435e-131    2.3285e-199    3.9554e-262    1.5225e-67    4.3920e-41    1.4236e-87    4.1867e-162    3.7236e-117    9.8629e-116    9.6854e-31    4.5776e-05    1.9099e-234    3.4398e-209    8.1156e-12    1.6827e-25    3.7209e-232    4.3486e-207    6.5975e-39    2.1330e-37    1.2386e-81    3.3089e-77    1.0015e-01    0.0000e+00    9.2708e-36    7.6753e-42    7.1095e-13    1.2422e-22    2.6768e-28    4.5751e-72    2.1082e-33    1.7449e-46    2.0863e-20    2.3374e-27    2.0803e-50    2.1219e-58    4.8713e-11    6.2041e-13    1.4956e-13    2.3634e-43    1.1666e-06    1.5481e-04    1.0823e-111    2.9080e-103    1.8007e-53    5.4531e-47    9.1671e-77    4.7154e-115    3.1813e-09    3.7506e-13    6.3205e-161    2.4868e-118    5.1774e-188    3.0084e-227    2.3079e-36    6.0418e-51    5.9296e-125    9.1428e-56    1.2086e-56    3.5445e-23    1.9813e-26    3.4277e-16    2.1649e-185    3.5190e-137    2.2942e-33    1.9585e-38    1.0472e-32    2.5036e-35    2.4686e-314    4.1802e-256    6.5663e-51    3.2265e-55    1.6215e-19    5.9865e-04    2.5416e-92    6.1996e-49    4.5338e-97    1.9872e-89    1.4090e-53    6.3259e-41    2.2896e-121    3.7669e-133    4.3968e-29    8.2603e-26
1.4357e-103    3.3625e-69    4.5463e-125    2.8467e-279    1.4088e-69    1.5875e-73    8.4005e-82    3.1657e-91    1.8630e-90    3.6932e-111    4.7034e-38    6.9882e-26    6.3745e-51    9.5876e-122    6.0612e-36    9.3746e-45    2.9259e-04    1.3278e-16    5.1457e-103    8.4693e-100    2.8750e-27    1.2415e-05    1.6286e-120    4.9934e-141    2.1310e-19    1.9039e-14    2.4524e-23    6.4296e-16    5.4499e-43    9.2708e-36    0.0000e+00    1.0694e-01    3.4787e-49    1.2038e-36    4.1227e-18    1.6000e-44    6.4186e-64    1.8411e-83    5.6045e-09    2.1903e-15    6.4725e-182    1.5372e-154    5.9910e-65    7.9129e-77    2.1805e-36    7.3575e-26    1.9708e-33    9.2094e-20    6.1954e-56    4.3039e-69    2.7013e-28    2.3670e-21    6.2006e-20    4.9812e-43    1.0895e-15    1.8698e-07    4.0263e-86    7.3620e-80    1.0143e-97    6.6228e-150    3.7307e-24    1.0482e-35    7.3739e-61    2.5261e-41    1.5019e-31    1.3813e-27    3.4742e-23    2.5152e-11    1.6636e-134    4.4505e-105    2.2778e-56    2.4340e-56    8.3931e-69    9.9210e-58    3.1843e-208    2.6553e-213    2.4376e-26    5.3905e-29    2.9345e-05    3.3393e-40    2.9010e-30    4.8188e-21    1.3501e-75    2.9055e-52    1.5152e-20    5.2472e-19    1.2347e-45    5.3140e-53    8.5066e-13    4.9755e-09
