0.0000e+00    2.6151e-08    8.2346e-30    1.5464e-28    8.4546e-39    1.1075e-40    7.4219e-08    1.8807e-05    3.7119e-25    2.1619e-21    2.6594e-08    6.9553e-05    4.0470e-13    2.9658e-13    4.2426e-39    5.7595e-18    6.0657e-35    6.4756e-20    3.4956e-55    3.6849e-28    6.6118e-55    1.7467e-54    7.9180e-34    4.9760e-59    1.3160e-13    3.8621e-17    6.1911e-43    4.4814e-65    2.6917e-28    1.7620e-26    5.0316e-31    4.4411e-22    7.5685e-10    7.3771e-04    6.2401e-08    2.5280e-08    2.4510e-19    3.0959e-09    1.0342e-29    3.7541e-30    2.1797e-178    3.0021e-172    2.0189e-10    5.4009e-10    3.0687e-12    3.0152e-15    6.4673e-17    1.6117e-12    8.4536e-49    5.0379e-109    5.7988e-27    2.1005e-11    1.0627e-14    5.3323e-09    1.1308e-33    1.1096e-25    6.6100e-42    5.0393e-35    5.0592e-40    6.4141e-87    1.0735e-30    2.1863e-10    2.4140e-26    2.1028e-17    1.3127e-16    1.2312e-12    6.6778e-09    9.8719e-14    4.8725e-28    1.4384e-100    3.3920e-09    7.1007e-10    5.0725e-06    2.8772e-04    1.4282e-95    6.7316e-97    8.9395e-35    7.8026e-18    8.9422e-44    3.7682e-39    2.9145e-23    1.8982e-19    9.0577e-16    4.0832e-22    7.6691e-13    1.8020e-08    9.4952e-16    7.3049e-20    1.5962e-15    2.4282e-17
2.6151e-08    0.0000e+00    6.4856e-08    5.8797e-08    4.9078e-30    1.3435e-22    1.5811e-05    2.2221e-07    6.2019e-19    2.0915e-13    7.3058e-10    5.3162e-18    2.4133e-07    1.0928e-03    9.2667e-26    1.8618e-13    1.3600e-64    9.5872e-31    5.5126e-19    5.4980e-17    9.4565e-94    6.7262e-78    1.9686e-13    1.6646e-18    2.5431e-32    6.4091e-42    1.2228e-46    3.8982e-72    1.6394e-65    3.0751e-60    1.2861e-60    1.6634e-41    1.3235e-29    1.1735e-18    6.1759e-11    3.5850e-06    3.5285e-44    9.2604e-29    2.1018e-62    3.7291e-57    2.2597e-299    2.1089e-290    1.1460e-33    4.3299e-30    3.4984e-35    8.5174e-25    8.6973e-42    2.6792e-32    4.6929e-22    2.9597e-41    1.6783e-14    1.2295e-10    6.0483e-28    1.3693e-17    4.6122e-73    1.2960e-56    1.1323e-16    4.0944e-11    9.3417e-15    2.7135e-27    9.4791e-24    6.8423e-24    4.1393e-18    3.8084e-15    1.3140e-16    1.9816e-16    2.0669e-24    1.7879e-35    7.5629e-11    4.0376e-66    1.5737e-09    2.9151e-04    5.1100e-22    2.8430e-15    2.5324e-36    9.3166e-43    2.0360e-18    2.3609e-14    3.1468e-70    1.6178e-56    3.6542e-36    1.7043e-19    7.2781e-07    8.2553e-12    1.3956e-29    8.0648e-26    8.3967e-19    4.7495e-13    1.4062e-33    8.3547e-44
8.2346e-30    6.4856e-08    0.0000e+00    4.2413e-01    2.1488e-34    3.9260e-19    1.6364e-10    1.7377e-16    1.9010e-18    1.8751e-13    3.2793e-17    8.0489e-41    8.4451e-11    8.0820e-05    2.1092e-22    9.5999e-14    8.3366e-92    1.1947e-41    6.7544e-10    4.3196e-15    4.9618e-131    1.0908e-92    6.9389e-06    1.7403e-07    1.6269e-49    6.4289e-70    1.1389e-51    1.4842e-77    2.3015e-133    1.9346e-109    2.6854e-90    3.1366e-62    2.4152e-58    1.1958e-45    2.3343e-25    2.3181e-24    7.8808e-92    3.2220e-67    1.6183e-96    7.8046e-83    0.0000e+00    0.0000e+00    1.0635e-70    6.3450e-62    2.6153e-71    2.7632e-35    3.8314e-74    3.5998e-56    2.0629e-20    5.9189e-25    3.1540e-14    1.5539e-17    7.2841e-45    2.0456e-28    1.0289e-133    5.5706e-105    3.1200e-10    1.3533e-09    6.8331e-06    9.0204e-07    5.4273e-23    2.0243e-43    6.1933e-19    5.7304e-20    4.9838e-23    7.2250e-27    2.6546e-47    7.6978e-64    1.2870e-14    1.0332e-78    1.1390e-25    2.9136e-14    7.5041e-62    6.1029e-46    1.6436e-22    7.7086e-35    7.4378e-19    4.2514e-22    2.3229e-103    7.2197e-67    1.6746e-46    4.0289e-21    2.4753e-08    7.7066e-10    6.2489e-52    5.9950e-54    1.1886e-28    4.9960e-15    1.4197e-52    1.4606e-80
1.5464e-28    5.8797e-08    4.2413e-01    0.0000e+00    1.4736e-33    3.5495e-18    5.9020e-11    3.6801e-17    2.7418e-18    2.1528e-13    1.5599e-17    4.6571e-41    7.2987e-11    1.1131e-04    2.6958e-21    2.6089e-13    8.2350e-93    3.3036e-42    8.7980e-09    1.1432e-13    3.1485e-133    6.2398e-93    2.2122e-05    6.4705e-07    2.9674e-49    1.3235e-69    3.6784e-51    3.5869e-76    3.6950e-129    1.6287e-108    4.0352e-91    1.4933e-63    8.9332e-59    3.9339e-45    1.0080e-25    7.5466e-24    3.1432e-86    2.8248e-64    2.0809e-96    8.2886e-84    0.0000e+00    0.0000e+00    1.3417e-68    2.2962e-62    2.9223e-69    6.9233e-35    1.9007e-74    2.3029e-55    2.2107e-19    2.5851e-23    8.8629e-14    5.4141e-18    9.9190e-45    1.9667e-28    5.5597e-132    3.0898e-105    5.7742e-09    1.4544e-08    1.1937e-05    7.2939e-06    8.9831e-23    1.0888e-44    3.1802e-18    2.1288e-20    2.0448e-23    1.6361e-27    5.5884e-48    9.6474e-64    2.1025e-13    2.3331e-77    1.3219e-26    4.5247e-15    8.1600e-60    1.0759e-44    3.2487e-22    3.1062e-35    1.0217e-17    4.3874e-22    1.3390e-107    8.4684e-68    2.9790e-47    1.1213e-20    4.2216e-07    1.0208e-08    8.8671e-53    8.8632e-54    1.0101e-28    3.5256e-15    6.6915e-53    6.7581e-81
8.4546e-39    4.9078e-30    2.1488e-34    1.4736e-33    0.0000e+00    5.3754e-03    1.6200e-17    3.8414e-34    2.3349e-06    6.7797e-10    5.6138e-15    1.0575e-43    2.9753e-10    8.3235e-47    2.7558e-03    1.4146e-09    1.4037e-52    4.7448e-18    2.2117e-22    2.4182e-04    7.8141e-73    4.5714e-27    1.4861e-34    1.1854e-37    6.5017e-31    3.8834e-42    5.8260e-05    1.6269e-18    4.9764e-129    5.7149e-94    4.3988e-43    3.6362e-23    8.4002e-51    8.0872e-43    3.3963e-14    1.1166e-30    7.6474e-62    1.3238e-49    2.7461e-44    8.2375e-32    3.8957e-304    2.6630e-185    4.0475e-63    7.1073e-61    5.9059e-53    2.5629e-08    2.0555e-54    7.2006e-39    9.0113e-26    1.4955e-28    1.4710e-06    1.4618e-14    1.1859e-12    3.5776e-15    2.6665e-115    6.0773e-92    2.1841e-07    1.4771e-14    3.0196e-13    1.3039e-37    9.1020e-06    1.8492e-34    5.3544e-05    7.7998e-12    3.1654e-13    1.3736e-09    8.6788e-34    2.7035e-36    3.4571e-18    4.7364e-37    1.8168e-23    1.6817e-34    7.5745e-81    9.1542e-70    4.0311e-75    2.8813e-107    1.3987e-03    2.6053e-06    1.3211e-78    5.0678e-31    1.9271e-14    4.3499e-05    1.2359e-10    5.5473e-08    6.0180e-28    1.6653e-40    3.8607e-11    1.4078e-12    2.8234e-22    7.4122e-62
1.1075e-40    1.3435e-22    3.9260e-19    3.5495e-18    5.3754e-03    0.0000e+00    8.9189e-14    3.0815e-29    8.4146e-05    2.8969e-07    2.4542e-14    3.6951e-48    1.3266e-07    6.4172e-30    5.0132e-02    5.9526e-07    1.0120e-66    9.9046e-24    2.8387e-13    1.1530e-01    4.6621e-90    1.2983e-34    1.1947e-19    6.8704e-23    1.3519e-37    1.5364e-53    1.0914e-07    3.7502e-24    1.0840e-152    8.2171e-113    5.3327e-56    2.2988e-32    2.1838e-60    2.5371e-50    7.5972e-18    2.6520e-31    4.1269e-76    1.6750e-61    9.6787e-58    1.0607e-43    0.0000e+00    1.1746e-230    3.6424e-75    1.4163e-70    2.2040e-65    1.4385e-12    2.5831e-67    1.2739e-47    1.3052e-18    4.4064e-20    1.9357e-04    6.0844e-14    2.6386e-18    7.7939e-18    1.4025e-138    1.8901e-110    7.9022e-03    1.5038e-09    2.4225e-05    1.9972e-21    1.9405e-04    2.6803e-40    4.7873e-03    1.4757e-11    1.0647e-13    4.1785e-12    8.6760e-42    8.0524e-48    8.0889e-15    3.0240e-39    2.1103e-25    9.1467e-29    8.2691e-88    3.6144e-71    1.3429e-54    2.6893e-82    1.8637e-03    1.9672e-07    1.3134e-94    2.6465e-37    5.6810e-19    6.7069e-04    3.1588e-06    5.1416e-04    2.2491e-36    4.7512e-50    1.5227e-14    1.2653e-10    9.0704e-30    3.5832e-76
7.4219e-08    1.5811e-05    1.6364e-10    5.9020e-11    1.6200e-17    8.9189e-14    0.0000e+00    1.7394e-03    7.1980e-07    3.9495e-05    3.5721e-02    1.3307e-11    6.7900e-02    1.2217e-08    1.2570e-13    2.9395e-05    1.0583e-40    8.1913e-15    2.9853e-24    5.1745e-12    2.3262e-61    1.6305e-41    2.8047e-21    4.3432e-28    5.4163e-17    1.1619e-24    9.6337e-25    1.2109e-39    3.5947e-58    1.7900e-46    7.1719e-35    4.7683e-22    4.3886e-19    8.3881e-13    1.7061e-05    6.8456e-11    1.2414e-34    3.1732e-22    9.5198e-37    6.5897e-33    2.0465e-246    7.5888e-215    3.5295e-24    1.0453e-21    7.0456e-24    1.8130e-11    4.1127e-27    1.3138e-17    3.7655e-30    1.4020e-47    1.5496e-05    1.9998e-02    4.1741e-14    3.9706e-06    3.3218e-60    4.3891e-45    2.9114e-11    2.8239e-14    1.0324e-09    5.5217e-33    1.3972e-09    9.2762e-12    2.5445e-08    5.1224e-04    8.5089e-05    1.5596e-05    4.1520e-14    9.6463e-22    2.0487e-18    6.8211e-66    5.5217e-07    1.2669e-05    1.6948e-22    2.2632e-16    3.6247e-54    1.0126e-65    1.1612e-10    9.7193e-06    1.3373e-51    5.8356e-30    6.6124e-16    4.0563e-09    6.7681e-06    5.4151e-07    1.8603e-15    7.6491e-16    3.6341e-07    7.8400e-04    2.0415e-16    6.7601e-31
1.8807e-05    2.2221e-07    1.7377e-16    3.6801e-17    3.8414e-34    3.0815e-29    1.7394e-03    0.0000e+00    1.8714e-15    1.7949e-10    5.8704e-04    5.4175e-06    3.1708e-07    5.5482e-08    4.4178e-27    3.9023e-10    6.8924e-37    5.9414e-16    2.1815e-39    2.5113e-24    4.1534e-61    1.0100e-54    5.7999e-31    9.3403e-43    4.4538e-16    1.0941e-23    5.5312e-42    5.8685e-56    4.7893e-44    8.5033e-36    1.0199e-37    1.1047e-26    4.4707e-13    2.5270e-08    2.9380e-08    6.9660e-14    1.0105e-39    2.3443e-23    1.7586e-42    8.9114e-38    5.9257e-254    1.8495e-239    1.9833e-18    2.7070e-13    1.3186e-21    1.2590e-17    1.4365e-21    4.8101e-15    3.7130e-48    1.1686e-78    7.5361e-15    2.2437e-05    2.3395e-22    2.4572e-08    5.0087e-49    1.2953e-33    7.2660e-24    1.6750e-26    3.9739e-22    1.8156e-54    8.2808e-21    1.0494e-08    5.4232e-20    7.9580e-09    4.9224e-09    3.5138e-11    1.1373e-10    4.5200e-21    2.7969e-28    1.9111e-100    1.2311e-09    4.4052e-05    1.1684e-12    6.2083e-08    1.3635e-72    5.5124e-77    5.0339e-23    3.8723e-14    1.5326e-40    1.6015e-32    3.5280e-22    8.7969e-19    9.3371e-13    9.0503e-15    2.9173e-16    1.3120e-12    6.9661e-11    3.6891e-08    4.7163e-20    7.5402e-25
3.7119e-25    6.2019e-19    1.9010e-18    2.7418e-18    2.3349e-06    8.4146e-05    7.1980e-07    1.8714e-15    0.0000e+00    1.2079e-02    2.2357e-05    1.9961e-26    1.0309e-03    3.5767e-23    1.0622e-02    1.0024e-02    4.0172e-40    1.2472e-10    3.7799e-24    1.0275e-06    3.4424e-58    1.5198e-20    5.7568e-28    1.4771e-33    2.2200e-19    1.8933e-30    4.6910e-07    2.9221e-16    2.7007e-99    8.8879e-71    6.2641e-33    3.1880e-18    2.9711e-34    4.3549e-29    3.9217e-10    1.9547e-26    4.5434e-51    1.3191e-39    3.5583e-35    4.8155e-26    2.8360e-270    4.0902e-181    3.3533e-44    2.2009e-41    1.4784e-38    3.4795e-06    7.3043e-39    9.1045e-25    1.0943e-33    7.0530e-40    6.7065e-02    1.9889e-05    3.3693e-11    7.4159e-07    4.3967e-91    5.3759e-70    2.0907e-05    4.6033e-17    1.0630e-06    5.6944e-32    3.8201e-01    2.9412e-20    1.5035e-02    1.9880e-03    1.6063e-04    7.9610e-05    2.1112e-22    1.0725e-27    1.3817e-23    3.8687e-59    3.8219e-17    1.1507e-19    7.1571e-55    2.9276e-44    9.1699e-68    1.8331e-90    5.1185e-04    4.2918e-04    2.5620e-61    6.1318e-19    5.8670e-08    1.5958e-03    2.1583e-07    1.6107e-04    3.2309e-19    6.8248e-28    1.8359e-05    2.6791e-03    2.6651e-15    3.3613e-46
2.1619e-21    2.0915e-13    1.8751e-13    2.1528e-13    6.7797e-10    2.8969e-07    3.9495e-05    1.7949e-10    1.2079e-02    0.0000e+00    1.0882e-03    3.2827e-22    1.2541e-02    4.8405e-14    1.6018e-05    4.2763e-01    1.4133e-40    3.5682e-10    3.9968e-20    6.5129e-08    2.3444e-62    5.1119e-30    7.6199e-24    5.7159e-29    1.1261e-19    1.0872e-31    6.6544e-14    4.9906e-25    1.3589e-98    9.3010e-70    6.5440e-37    4.9575e-20    7.2679e-32    5.1598e-26    1.5510e-08    7.1123e-24    1.7725e-57    1.0179e-41    7.0959e-41    1.3508e-29    1.0511e-297    9.1810e-209    4.5222e-44    1.7872e-37    6.9290e-40    9.3310e-08    5.8351e-38    1.4512e-25    1.2510e-34    3.2818e-42    4.8493e-03    1.2897e-04    5.0870e-14    3.7763e-07    1.8866e-90    3.1625e-67    1.1574e-04    7.8885e-15    2.1502e-07    4.3555e-31    7.2711e-05    7.7161e-19    7.4293e-06    5.6771e-04    2.7304e-05    8.5073e-06    8.1656e-20    8.5744e-28    1.0333e-19    1.9261e-66    1.1715e-15    4.4293e-14    5.0410e-50    6.7532e-38    7.2610e-64    1.6754e-81    1.1079e-05    1.9175e-05    1.6783e-56    1.1443e-22    2.9632e-11    1.4590e-05    3.4372e-05    3.9485e-03    1.1292e-19    7.3454e-27    1.2713e-05    2.5657e-02    2.0161e-17    8.4606e-45
2.6594e-08    7.3058e-10    3.2793e-17    1.5599e-17    5.6138e-15    2.4542e-14    3.5721e-02    5.8704e-04    2.2357e-05    1.0882e-03    0.0000e+00    1.7325e-08    2.1995e-02    3.5013e-13    3.3198e-12    5.7779e-04    1.7632e-28    8.3356e-08    6.0628e-31    7.1983e-14    1.3365e-45    1.5452e-28    8.9394e-31    1.5759e-38    3.0854e-11    2.6999e-17    5.7267e-19    4.6130e-29    3.1834e-52    2.5095e-38    5.4739e-24    8.8136e-14    2.8603e-14    5.7225e-10    2.6704e-03    4.5357e-14    1.4670e-30    1.5298e-19    3.9486e-26    1.1454e-21    1.5222e-212    2.4102e-172    5.6789e-20    3.0802e-17    1.1747e-18    7.8766e-07    1.4160e-19    1.1170e-11    3.9713e-40    9.6955e-59    2.3442e-05    2.2017e-01    1.1479e-09    8.9676e-03    6.6368e-52    3.8814e-37    1.4222e-12    1.2049e-19    1.0620e-13    5.3169e-45    5.4956e-08    2.7093e-07    2.7057e-08    2.9619e-02    1.6014e-02    9.0846e-03    1.6050e-08    1.2902e-14    3.2336e-23    1.5886e-70    3.6863e-07    1.0957e-07    7.0713e-22    2.2896e-16    9.7300e-72    1.2950e-83    6.0647e-10    2.5715e-04    1.7419e-39    1.1159e-19    2.5601e-09    1.4862e-08    7.1546e-08    6.1685e-08    2.2236e-09    5.5601e-11    5.9456e-03    1.8256e-02    4.7692e-10    1.0473e-23
6.9553e-05    5.3162e-18    8.0489e-41    4.6571e-41    1.0575e-43    3.6951e-48    1.3307e-11    5.4175e-06    1.9961e-26    3.2827e-22    1.7325e-08    0.0000e+00    3.1758e-17    3.2359e-22    4.6431e-43    8.1726e-20    5.3416e-19    1.3612e-12    4.2848e-72    4.0164e-39    4.4846e-34    9.7044e-41    4.0392e-54    3.0038e-80    4.1876e-08    1.7034e-09    9.7319e-43    4.9809e-56    4.9680e-19    1.1956e-14    6.2501e-19    1.7202e-14    1.5995e-03    6.7122e-02    2.8965e-09    9.8068e-19    1.6157e-21    2.1403e-11    6.2962e-20    3.7708e-19    3.7927e-150    2.8598e-140    2.3447e-05    3.5849e-03    1.8079e-07    7.3038e-15    6.6116e-07    7.9504e-06    2.2974e-74    2.4202e-136    1.4565e-30    1.0414e-11    2.9561e-15    1.9277e-07    6.4140e-23    2.5918e-13    2.8288e-49    8.5048e-50    8.6031e-49    1.2527e-109    1.2910e-32    9.6573e-04    2.8538e-32    1.3905e-16    3.5859e-15    2.7185e-12    1.2585e-02    1.1850e-07    3.8496e-44    6.0114e-124    8.2228e-13    3.0498e-14    7.8330e-05    1.8099e-04    1.1790e-126    8.9058e-126    2.4998e-40    7.3662e-21    3.7522e-23    3.2726e-25    2.1330e-17    2.0267e-24    2.3210e-25    3.1047e-29    1.6381e-07    1.4080e-03    2.4099e-13    1.5705e-19    1.3352e-10    5.9911e-09
4.0470e-13    2.4133e-07    8.4451e-11    7.2987e-11    2.9753e-10    1.3266e-07    6.7900e-02    3.1708e-07    1.0309e-03    1.2541e-02    2.1995e-02    3.1758e-17    0.0000e+00    7.1845e-11    1.0978e-07    4.5352e-03    3.4909e-42    3.3831e-13    9.7389e-19    1.8361e-07    1.1713e-61    5.9569e-35    9.2938e-20    1.8252e-24    1.1420e-18    9.1306e-28    7.1921e-17    1.0660e-31    2.5400e-78    5.3034e-58    4.2776e-35    7.1322e-20    4.2125e-25    1.4266e-18    6.3738e-05    5.3593e-13    2.6833e-43    6.1100e-29    1.0154e-36    2.9617e-30    5.2065e-269    1.1365e-204    3.0809e-34    1.4123e-29    1.7466e-31    1.8004e-08    1.0485e-32    7.6578e-22    6.5572e-26    5.0049e-37    1.6401e-02    1.3874e-02    2.2649e-11    4.8693e-06    6.6028e-74    4.2333e-56    5.4875e-06    6.9873e-11    2.1411e-06    1.3139e-27    1.0925e-05    2.3921e-15    2.0617e-04    3.2333e-03    2.9200e-04    6.0355e-04    7.8767e-17    1.0510e-23    3.8973e-15    2.2102e-54    4.4127e-08    4.3180e-08    6.1311e-36    9.5279e-27    1.8809e-52    1.6975e-67    1.9750e-05    6.0239e-03    5.8676e-56    7.7079e-28    3.5946e-13    1.0553e-05    1.1767e-03    4.7549e-04    3.4205e-16    1.5959e-20    1.6795e-05    9.9615e-03    7.2726e-16    8.8541e-37
2.9658e-13    1.0928e-03    8.0820e-05    1.1131e-04    8.3235e-47    6.4172e-30    1.2217e-08    5.5482e-08    3.5767e-23    4.8405e-14    3.5013e-13    3.2359e-22    7.1845e-11    0.0000e+00    6.8799e-31    4.5041e-14    5.3135e-78    2.5690e-36    5.2697e-19    1.4527e-22    5.8910e-120    1.0445e-103    8.2871e-12    6.6771e-17    2.2918e-38    7.0139e-56    6.1397e-67    1.4175e-92    8.5318e-79    9.9090e-73    4.6644e-84    8.5619e-60    2.8669e-37    8.0656e-26    7.1553e-20    5.5272e-16    7.4014e-68    2.8630e-46    6.9198e-90    1.4001e-79    0.0000e+00    0.0000e+00    1.7353e-42    1.1255e-36    2.8028e-48    3.4506e-35    9.3714e-53    1.1348e-40    1.8124e-32    5.3113e-47    6.7179e-19    3.2885e-15    2.0030e-45    1.1610e-23    9.1113e-91    7.1923e-69    9.3391e-17    6.2939e-16    1.5634e-14    2.0441e-22    1.8547e-31    1.5434e-31    5.0251e-26    8.4810e-21    8.4779e-23    2.4048e-27    1.0943e-31    1.7202e-49    1.5513e-17    2.5330e-107    5.4197e-20    1.7452e-07    1.4514e-27    6.0818e-19    1.4719e-34    3.1922e-41    4.6744e-25    9.0743e-25    8.7363e-81    1.3035e-65    4.6016e-49    4.7530e-27    3.2531e-09    8.3657e-13    9.9020e-43    7.3698e-36    5.8045e-26    5.1892e-15    2.4101e-48    5.1889e-56
4.2426e-39    9.2667e-26    2.1092e-22    2.6958e-21    2.7558e-03    5.0132e-02    1.2570e-13    4.4178e-27    1.0622e-02    1.6018e-05    3.3198e-12    4.6431e-43    1.0978e-07    6.8799e-31    0.0000e+00    5.5455e-05    1.4433e-54    8.5057e-17    1.1448e-19    1.4726e-03    8.2176e-76    3.0978e-24    7.0531e-26    3.7543e-31    8.1156e-30    5.4557e-45    6.9009e-04    1.1996e-15    3.3033e-142    3.1671e-101    6.0982e-46    1.5298e-25    5.7672e-53    6.3266e-46    7.2517e-17    3.0037e-35    2.3139e-73    2.5432e-58    2.6710e-48    1.2781e-34    0.0000e+00    4.9805e-202    4.8520e-68    4.5599e-63    2.9732e-59    7.2883e-09    3.2275e-58    4.8027e-40    1.4538e-28    9.2697e-31    3.4827e-04    1.7218e-12    4.0282e-15    9.5313e-14    5.3797e-126    7.7326e-100    5.2007e-04    1.2064e-15    3.0239e-07    3.8634e-29    2.5108e-02    9.8255e-35    3.3620e-03    2.4946e-09    3.4991e-11    3.6513e-10    5.0983e-36    6.5768e-41    5.4587e-21    2.0888e-50    1.6577e-26    4.6979e-30    1.2458e-83    7.2425e-68    2.5483e-68    1.2647e-96    8.2110e-04    2.2348e-07    1.2267e-82    1.2546e-26    1.1930e-12    5.5591e-03    7.1845e-08    1.9758e-04    2.2335e-30    1.3894e-44    2.8508e-11    1.1628e-08    1.7411e-23    7.2702e-67
5.7595e-18    1.8618e-13    9.5999e-14    2.6089e-13    1.4146e-09    5.9526e-07    2.9395e-05    3.9023e-10    1.0024e-02    4.2763e-01    5.7779e-04    8.1726e-20    4.5352e-03    4.5041e-14    5.5455e-05    0.0000e+00    1.6003e-38    1.2233e-09    1.0906e-19    6.9979e-07    1.8010e-61    9.8957e-30    7.6673e-23    4.3079e-29    1.8000e-16    1.2287e-27    9.3721e-13    1.4164e-23    4.4816e-85    4.4070e-62    9.7630e-35    3.4276e-19    1.6828e-28    1.2158e-22    5.2962e-09    1.0941e-23    9.9272e-48    5.5632e-35    3.2093e-37    3.4420e-28    9.7930e-263    1.1329e-190    8.9772e-37    1.3392e-33    1.2559e-33    1.2068e-06    2.4957e-34    3.5569e-22    3.1341e-34    3.8237e-42    1.7152e-03    1.4600e-05    1.9626e-12    3.2957e-06    8.8637e-80    2.5519e-61    1.3212e-04    3.6992e-15    1.2481e-07    5.0574e-31    8.4334e-05    1.9193e-18    6.4107e-06    9.6408e-05    3.3562e-06    1.9531e-06    1.0462e-18    8.3384e-25    4.4837e-19    1.4511e-66    6.4232e-17    1.2488e-15    3.2067e-43    1.8798e-33    2.6984e-65    3.8480e-84    7.7015e-06    2.9285e-06    1.0601e-57    1.5676e-22    1.0215e-10    1.8258e-04    1.4479e-04    1.2957e-02    1.4034e-18    2.3693e-24    3.5565e-06    4.5316e-03    1.5503e-15    2.2718e-40
6.0657e-35    1.3600e-64    8.3366e-92    8.2350e-93    1.4037e-52    1.0120e-66    1.0583e-40    6.8924e-37    4.0172e-40    1.4133e-40    1.7632e-28    5.3416e-19    3.4909e-42    5.3135e-78    1.4433e-54    1.6003e-38    0.0000e+00    1.7270e-11    4.5595e-117    9.9413e-65    4.9494e-04    1.9622e-13    3.9258e-115    1.9355e-141    2.7898e-10    4.2341e-06    8.5814e-39    2.3616e-32    3.8739e-23    7.3637e-11    3.7968e-02    8.7131e-09    3.6962e-11    1.7854e-18    6.7818e-28    2.0072e-58    6.0881e-32    1.3624e-25    2.4834e-05    9.6592e-05    3.7889e-75    6.8034e-35    1.2944e-14    3.9477e-14    1.4640e-13    4.2444e-21    1.3438e-05    5.3319e-08    1.0751e-128    3.8426e-186    8.1348e-49    8.9737e-32    5.7947e-22    9.7640e-19    9.9938e-18    1.4491e-12    1.7472e-72    6.8190e-90    2.9435e-80    2.9824e-168    1.1101e-43    1.0023e-12    2.4355e-51    3.8102e-31    1.8868e-28    8.7833e-26    6.8704e-11    2.4948e-08    9.3204e-87    7.8556e-154    4.9824e-40    7.7794e-54    8.3399e-34    1.0701e-38    1.4364e-213    2.0345e-223    3.1560e-57    6.5972e-38    3.2208e-10    1.3224e-09    3.3387e-14    6.0683e-42    1.4613e-57    5.3924e-55    3.0587e-10    3.1785e-12    5.0170e-22    4.4629e-37    3.1244e-10    5.8284e-09
6.4756e-20    9.5872e-31    1.1947e-41    3.3036e-42    4.7448e-18    9.9046e-24    8.1913e-15    5.9414e-16    1.2472e-10    3.5682e-10    8.3356e-08    1.3612e-12    3.3831e-13    2.5690e-36    8.5057e-17    1.2233e-09    1.7270e-11    0.0000e+00    4.1008e-54    3.5012e-25    1.2910e-22    9.8505e-09    2.9926e-58    2.0967e-71    4.6414e-05    5.9974e-09    2.7854e-12    6.0108e-14    1.7637e-52    3.0079e-31    2.3364e-09    1.8303e-03    6.6378e-13    2.3036e-14    7.8325e-10    5.7702e-34    2.2106e-35    1.3361e-24    2.9096e-11    6.2583e-06    8.9928e-166    3.2615e-94    9.2781e-21    1.7994e-17    2.3380e-18    1.6657e-04    4.7923e-13    1.4140e-08    1.6410e-70    2.5121e-94    2.6957e-15    2.4515e-10    5.3103e-07    6.5205e-04    2.9612e-43    2.0140e-31    3.2297e-25    1.0446e-41    2.6754e-31    1.4470e-82    6.1851e-13    1.1490e-08    7.3496e-18    7.9788e-09    1.0504e-08    6.3052e-07    2.6697e-07    2.1442e-08    3.2801e-42    6.6178e-92    1.5838e-20    1.2582e-26    1.1647e-34    8.6575e-31    1.6368e-125    1.3370e-141    1.8224e-19    3.5522e-12    3.7292e-26    7.3266e-06    3.0313e-02    6.0494e-13    1.7936e-21    8.7723e-19    1.5809e-05    5.3892e-12    5.1682e-05    2.3427e-10    1.2719e-03    6.9437e-17
3.4956e-55    5.5126e-19    6.7544e-10    8.7980e-09    2.2117e-22    2.8387e-13    2.9853e-24    2.1815e-39    3.7799e-24    3.9968e-20    6.0628e-31    4.2848e-72    9.7389e-19    5.2697e-19    1.1448e-19    1.0906e-19    4.5595e-117    4.1008e-54    0.0000e+00    2.9441e-09    5.0574e-156    3.1722e-91    5.9722e-04    8.9259e-04    4.4468e-71    2.9030e-95    2.0299e-39    4.2281e-71    4.5992e-210    1.7848e-165    3.8263e-108    1.7566e-70    2.4326e-94    2.8658e-76    1.6577e-35    6.8979e-37    4.6464e-121    3.2703e-96    1.6020e-111    4.0525e-91    0.0000e+00    0.0000e+00    1.4324e-114    2.5935e-103    4.2789e-106    2.9597e-38    1.2610e-109    1.1769e-85    9.2212e-09    9.6969e-09    1.3005e-19    2.6023e-31    8.1541e-47    1.4541e-42    4.0171e-196    2.7446e-159    6.9085e-09    9.6240e-05    2.0134e-10    7.4227e-07    1.4925e-26    6.3021e-71    3.7673e-20    4.1869e-32    2.6733e-36    6.9767e-35    8.7036e-72    3.7134e-85    2.1604e-06    3.2555e-44    5.2189e-40    5.5047e-32    1.0861e-113    1.5098e-88    2.7831e-25    2.2228e-44    8.0814e-18    8.8255e-26    2.6441e-142    5.3176e-83    8.8101e-54    3.9695e-20    3.0256e-09    7.0949e-11    1.0745e-70    1.6908e-83    5.7490e-39    7.0359e-27    2.9044e-65    1.8008e-118
3.6849e-28    5.4980e-17    4.3196e-15    1.1432e-13    2.4182e-04    1.1530e-01    5.1745e-12    2.5113e-24    1.0275e-06    6.5129e-08    7.1983e-14    4.0164e-39    1.8361e-07    1.4527e-22    1.4726e-03    6.9979e-07    9.9413e-65    3.5012e-25    2.9441e-09    0.0000e+00    1.0904e-90    4.2774e-41    3.1933e-14    1.1286e-17    2.7738e-32    3.0964e-45    8.5831e-11    6.7225e-29    3.3974e-114    1.4818e-91    1.1865e-53    7.5604e-33    2.5303e-50    6.3049e-39    4.0366e-17    6.1920e-25    9.7997e-52    5.0594e-43    7.0898e-52    4.0256e-44    4.1106e-283    3.4896e-204    6.7473e-56    9.5433e-58    3.2444e-49    1.1895e-12    7.2415e-58    5.2966e-40    3.5584e-15    5.9155e-17    1.1187e-05    1.6743e-14    1.1397e-16    8.4522e-17    2.4957e-109    3.1512e-92    1.9874e-02    8.7027e-07    4.2923e-05    3.5947e-17    1.2224e-06    1.5594e-37    1.8699e-04    3.2078e-13    1.5593e-15    1.8438e-13    1.3402e-37    3.9943e-41    1.9776e-10    1.0008e-36    5.5314e-24    1.3030e-25    6.9388e-64    1.3817e-52    1.1678e-47    4.3472e-73    2.1909e-04    6.7953e-09    2.1190e-95    2.6261e-42    2.1545e-21    5.2884e-04    7.9208e-04    6.6532e-03    5.2012e-34    7.2879e-42    2.5683e-16    1.0148e-11    1.1949e-27    2.9004e-64
6.6118e-55    9.4565e-94    4.9618e-131    3.1485e-133    7.8141e-73    4.6621e-90    2.3262e-61    4.1534e-61    3.4424e-58    2.3444e-62    1.3365e-45    4.4846e-34    1.1713e-61    5.8910e-120    8.2176e-76    1.8010e-61    4.9494e-04    1.2910e-22    5.0574e-156    1.0904e-90    0.0000e+00    9.3820e-21    2.0643e-157    1.5143e-185    1.7506e-21    6.6176e-14    4.6015e-57    2.9644e-46    1.2769e-26    1.4995e-12    1.1827e-06    1.0384e-16    3.7162e-19    7.5414e-31    8.7592e-41    2.3077e-74    1.4103e-45    8.7860e-37    5.3073e-11    5.6082e-11    8.2281e-75    1.4038e-31    1.9384e-24    1.8817e-23    3.7845e-23    5.2621e-36    1.1208e-10    5.7277e-17    1.7445e-160    1.8165e-227    6.3070e-68    3.2572e-47    5.6858e-35    3.3655e-32    1.6436e-18    1.2310e-13    4.6593e-100    2.8980e-119    7.1297e-108    1.6353e-216    7.3417e-62    2.8041e-21    8.2712e-70    2.3282e-46    5.1597e-42    1.5209e-38    5.7424e-20    6.6921e-16    5.6344e-117    1.1323e-180    7.3494e-51    5.8351e-76    1.0344e-50    6.5040e-60    7.6811e-264    2.8903e-276    1.0887e-77    1.8704e-52    3.3734e-07    5.1127e-16    2.9029e-25    5.7942e-62    6.7237e-85    3.0856e-82    4.0789e-17    3.4151e-20    3.3177e-34    5.7709e-56    5.0702e-20    1.3726e-12
1.7467e-54    6.7262e-78    1.0908e-92    6.2398e-93    4.5714e-27    1.2983e-34    1.6305e-41    1.0100e-54    1.5198e-20    5.1119e-30    1.5452e-28    9.7044e-41    5.9569e-35    1.0445e-103    3.0978e-24    9.8957e-30    1.9622e-13    9.8505e-09    3.1722e-91    4.2774e-41    9.3820e-21    0.0000e+00    3.6197e-107    4.4750e-120    4.2174e-15    2.8299e-18    1.5252e-14    6.0535e-06    2.7239e-74    6.1817e-46    1.5314e-12    1.6250e-10    7.2581e-32    1.4726e-38    2.3478e-29    3.8731e-67    2.3366e-51    6.5612e-44    2.9995e-16    4.1279e-09    6.8643e-168    4.1937e-80    1.7733e-38    6.8522e-42    4.2181e-32    1.6689e-13    5.8152e-25    1.1130e-18    6.0715e-101    1.0819e-115    7.7083e-29    1.0209e-28    1.8386e-18    6.3206e-17    2.0400e-61    1.3028e-48    4.1872e-44    4.0129e-71    5.6289e-52    1.5608e-119    7.0439e-20    6.5734e-24    2.1203e-28    1.3772e-22    4.6434e-21    1.5969e-19    1.0067e-23    5.2206e-20    9.4802e-80    5.6688e-118    2.3776e-44    2.3471e-69    2.4792e-75    1.1439e-77    1.6354e-184    9.3262e-226    3.4620e-31    6.9938e-26    8.7390e-35    2.6501e-02    5.3873e-06    4.8164e-25    3.5143e-50    7.5938e-41    1.0801e-16    1.1333e-27    4.2754e-16    1.7664e-28    7.6050e-12    8.3363e-32
7.9180e-34    1.9686e-13    6.9389e-06    2.2122e-05    1.4861e-34    1.1947e-19    2.8047e-21    5.7999e-31    5.7568e-28    7.6199e-24    8.9394e-31    4.0392e-54    9.2938e-20    8.2871e-12    7.0531e-26    7.6673e-23    3.9258e-115    2.9926e-58    5.9722e-04    3.1933e-14    2.0643e-157    3.6197e-107    0.0000e+00    1.1569e-02    2.9950e-60    1.8408e-80    1.8006e-52    9.7361e-89    9.6202e-129    6.9249e-120    7.4602e-107    1.7771e-74    4.0614e-73    3.0847e-55    3.2935e-37    2.4523e-28    2.0346e-75    1.2230e-62    1.1343e-103    8.7932e-96    0.0000e+00    0.0000e+00    4.7795e-74    1.3044e-76    2.4428e-73    2.7713e-42    8.7270e-90    6.3902e-70    1.2797e-11    4.2121e-14    1.2267e-23    1.4117e-32    3.7460e-48    1.5977e-40    7.8168e-137    2.0736e-119    2.0381e-13    1.6310e-08    2.3456e-10    9.0840e-05    9.1821e-32    1.4592e-63    1.9359e-24    1.8088e-35    8.9639e-40    5.3009e-39    1.7740e-63    3.3112e-74    1.0714e-10    1.9568e-62    8.7682e-38    3.5279e-28    4.8261e-65    1.1600e-52    4.6054e-20    1.8967e-36    6.7761e-25    3.0633e-31    1.4909e-140    3.9320e-90    3.0516e-59    3.1146e-23    2.0297e-11    1.2367e-14    2.3401e-66    6.9467e-67    2.0757e-44    3.9735e-30    3.8745e-63    8.3774e-94
4.9760e-59    1.6646e-18    1.7403e-07    6.4705e-07    1.1854e-37    6.8704e-23    4.3432e-28    9.3403e-43    1.4771e-33    5.7159e-29    1.5759e-38    3.0038e-80    1.8252e-24    6.6771e-17    3.7543e-31    4.3079e-29    1.9355e-141    2.0967e-71    8.9259e-04    1.1286e-17    1.5143e-185    4.4750e-120    1.1569e-02    0.0000e+00    1.6062e-86    4.8804e-113    1.9893e-60    4.4878e-98    1.0446e-216    2.6281e-179    2.6021e-132    4.4224e-92    7.1549e-106    9.1194e-85    1.2478e-44    4.3346e-37    2.8261e-130    8.3335e-105    2.7467e-136    5.0875e-117    0.0000e+00    0.0000e+00    1.8020e-123    2.5182e-113    3.1962e-117    6.9862e-54    4.3030e-125    1.6243e-98    1.7843e-08    1.8708e-09    1.2528e-26    9.4583e-38    2.3023e-63    7.1565e-54    3.4374e-211    1.0277e-172    6.5668e-16    6.2765e-07    7.4796e-13    1.4619e-02    7.7630e-37    2.4123e-81    3.9716e-28    3.3239e-40    1.0351e-44    1.3202e-45    9.5569e-85    2.1374e-102    2.5409e-10    2.4400e-54    4.2131e-44    7.6860e-32    6.2475e-114    9.2116e-89    5.8745e-12    4.7759e-26    9.5287e-27    1.2857e-34    3.3241e-163    7.6580e-104    8.4352e-72    2.5783e-31    7.8335e-15    2.5396e-18    4.6267e-86    2.4068e-94    8.4358e-51    3.6522e-34    6.0503e-83    3.2234e-134
1.3160e-13    2.5431e-32    1.6269e-49    2.9674e-49    6.5017e-31    1.3519e-37    5.4163e-17    4.4538e-16    2.2200e-19    1.1261e-19    3.0854e-11    4.1876e-08    1.1420e-18    2.2918e-38    8.1156e-30    1.8000e-16    2.7898e-10    4.6414e-05    4.4468e-71    2.7738e-32    1.7506e-21    4.2174e-15    2.9950e-60    1.6062e-86    0.0000e+00    7.4357e-03    5.0970e-21    9.8799e-28    8.9439e-25    9.9452e-16    3.8943e-07    2.0255e-04    2.2865e-06    6.9924e-08    1.3821e-13    6.1429e-33    7.0482e-17    4.9203e-12    1.9496e-05    6.0622e-06    1.2620e-99    7.5731e-67    1.3384e-06    1.5658e-09    2.2293e-06    1.8762e-06    1.6417e-06    1.2871e-03    4.1103e-77    5.0924e-128    1.5299e-26    2.2284e-15    1.8898e-06    1.1370e-04    1.3200e-22    1.2076e-18    2.8093e-42    2.5183e-53    3.2338e-45    1.9169e-109    9.1128e-23    7.0907e-08    4.9750e-26    4.7515e-16    3.9147e-15    1.3408e-11    9.1871e-06    3.5577e-04    7.2153e-50    1.7021e-115    7.4679e-23    2.1773e-30    1.1447e-19    1.2309e-20    3.6952e-145    1.8323e-157    1.7453e-34    1.3649e-19    4.8890e-28    2.5588e-11    3.2658e-05    1.1270e-15    7.2038e-27    8.6376e-27    1.7346e-04    3.9312e-07    1.3383e-11    7.9047e-20    3.0268e-02    1.7307e-08
3.8621e-17    6.4091e-42    6.4289e-70    1.3235e-69    3.8834e-42    1.5364e-53    1.1619e-24    1.0941e-23    1.8933e-30    1.0872e-31    2.6999e-17    1.7034e-09    9.1306e-28    7.0139e-56    5.4557e-45    1.2287e-27    4.2341e-06    5.9974e-09    2.9030e-95    3.0964e-45    6.6176e-14    2.8299e-18    1.8408e-80    4.8804e-113    7.4357e-03    0.0000e+00    4.2205e-31    1.0010e-37    6.9554e-15    2.9324e-08    2.1230e-03    1.4471e-04    1.5022e-04    2.4667e-07    3.9135e-16    2.6213e-35    2.0611e-13    3.3597e-09    7.8389e-02    7.5691e-04    6.4449e-74    6.7994e-48    4.6499e-04    2.2974e-07    2.0182e-03    8.8373e-11    1.7844e-02    1.8465e-02    3.6927e-93    7.3552e-163    1.1802e-38    4.2879e-21    4.8195e-09    1.2650e-08    2.5889e-13    2.0376e-10    8.5992e-62    4.1823e-68    1.0320e-64    8.3977e-145    2.3501e-34    2.4583e-07    4.6183e-37    5.7528e-23    7.8053e-21    2.4706e-15    8.0932e-05    9.5253e-02    2.1292e-61    1.0146e-130    9.7897e-25    7.8381e-38    3.9848e-19    1.6347e-23    2.9353e-176    2.9513e-186    1.1370e-47    4.5001e-26    3.3077e-20    3.1359e-14    2.4788e-09    4.3268e-25    1.8518e-38    9.6627e-40    7.5144e-04    1.2833e-04    5.6954e-16    1.5808e-29    5.0181e-03    4.4710e-04
6.1911e-43    1.2228e-46    1.1389e-51    3.6784e-51    5.8260e-05    1.0914e-07    9.6337e-25    5.5312e-42    4.6910e-07    6.6544e-14    5.7267e-19    9.7319e-43    7.1921e-17    6.1397e-67    6.9009e-04    9.3721e-13    8.5814e-39    2.7854e-12    2.0299e-39    8.5831e-11    4.6015e-57    1.5252e-14    1.8006e-52    1.9893e-60    5.0970e-21    4.2205e-31    0.0000e+00    7.5888e-09    7.2981e-107    4.1383e-76    1.5222e-31    1.4039e-16    8.0457e-44    4.1657e-41    6.4093e-20    6.0645e-45    4.9037e-52    3.9470e-44    1.3658e-31    1.2901e-21    1.3408e-238    1.6047e-134    3.9360e-51    1.4916e-54    2.2123e-42    8.8011e-06    1.0446e-43    3.1923e-30    9.2848e-46    3.0629e-49    1.1407e-11    6.3130e-20    2.0750e-10    3.0081e-13    6.5506e-94    9.9405e-78    7.8349e-15    1.5704e-31    2.3946e-21    1.9501e-58    3.7835e-06    1.9208e-32    4.1772e-09    5.2571e-15    3.9752e-16    3.0006e-12    1.0516e-30    7.3008e-29    1.8615e-35    4.4863e-61    1.9081e-33    2.0538e-50    4.0268e-79    4.9946e-74    9.7700e-111    9.4572e-152    1.4837e-09    5.9439e-12    1.0043e-69    1.3176e-18    7.7551e-08    1.1448e-05    1.1586e-20    5.1686e-15    1.9087e-23    2.5235e-36    1.3116e-12    3.3871e-17    1.1685e-15    1.5483e-50
4.4814e-65    3.8982e-72    1.4842e-77    3.5869e-76    1.6269e-18    3.7502e-24    1.2109e-39    5.8685e-56    2.9221e-16    4.9906e-25    4.6130e-29    4.9809e-56    1.0660e-31    1.4175e-92    1.1996e-15    1.4164e-23    2.3616e-32    6.0108e-14    4.2281e-71    6.7225e-29    2.9644e-46    6.0535e-06    9.7361e-89    4.4878e-98    9.8799e-28    1.0010e-37    7.5888e-09    0.0000e+00    6.0877e-135    1.5535e-88    7.2998e-30    1.7956e-21    1.2488e-53    2.4411e-56    1.9583e-32    8.2955e-71    4.1248e-82    2.4423e-68    8.5028e-37    6.4180e-23    1.6665e-288    2.5390e-139    6.3070e-69    1.2503e-66    7.7522e-60    7.4661e-15    5.5097e-50    1.4950e-35    6.8907e-83    7.6946e-87    1.2803e-22    4.8936e-29    1.8092e-23    3.0129e-21    8.1429e-113    9.0749e-90    2.9719e-31    4.2612e-57    2.5858e-40    9.3916e-91    2.7696e-14    1.9990e-37    5.0133e-22    1.7046e-21    3.1049e-21    1.1635e-21    9.5314e-39    7.2139e-38    3.4323e-65    8.1073e-97    3.8847e-50    8.7941e-69    8.1847e-106    2.8109e-98    2.6069e-156    3.9915e-200    8.2198e-22    4.1186e-24    2.5289e-61    7.3447e-10    1.2575e-10    2.4910e-20    1.9273e-39    1.0113e-29    3.4241e-30    4.6929e-47    2.5439e-17    1.1068e-24    6.4033e-22    3.8288e-60
2.6917e-28    1.6394e-65    2.3015e-133    3.6950e-129    4.9764e-129    1.0840e-152    3.5947e-58    4.7893e-44    2.7007e-99    1.3589e-98    3.1834e-52    4.9680e-19    2.5400e-78    8.5318e-79    3.3033e-142    4.4816e-85    3.8739e-23    1.7637e-52    4.5992e-210    3.3974e-114    1.2769e-26    2.7239e-74    9.6202e-129    1.0446e-216    8.9439e-25    6.9554e-15    7.2981e-107    6.0877e-135    0.0000e+00    2.6801e-03    3.5680e-22    1.5689e-34    2.2477e-13    3.0958e-16    1.7031e-47    4.8856e-52    1.5747e-22    6.7946e-17    4.3556e-16    2.5354e-26    1.2387e-41    1.1562e-39    9.6887e-09    8.5294e-11    8.2635e-12    5.3429e-48    7.1055e-10    1.5001e-17    1.1073e-165    0.0000e+00    2.8833e-118    1.0112e-60    3.5412e-39    3.1192e-39    1.0533e-02    3.0589e-04    6.7860e-175    2.2475e-149    2.3011e-164    5.4364e-307    3.3076e-110    9.6788e-24    1.1731e-104    1.5297e-75    3.3053e-68    2.7284e-52    4.0832e-19    1.5258e-15    8.0121e-120    3.7038e-264    1.5718e-50    1.2116e-63    1.2641e-14    2.5431e-22    1.2994e-292    9.8872e-271    7.7603e-139    1.0175e-79    2.0698e-28    1.4506e-59    2.5931e-52    1.1814e-74    5.1277e-89    2.2682e-103    1.3479e-26    3.0199e-15    3.8374e-62    6.2507e-91    1.1976e-28    2.1896e-09
1.7620e-26    3.0751e-60    1.9346e-109    1.6287e-108    5.7149e-94    8.2171e-113    1.7900e-46    8.5033e-36    8.8879e-71    9.3010e-70    2.5095e-38    1.1956e-14    5.3034e-58    9.9090e-73    3.1671e-101    4.4070e-62    7.3637e-11    3.0079e-31    1.7848e-165    1.4818e-91    1.4995e-12    6.1817e-46    6.9249e-120    2.6281e-179    9.9452e-16    2.9324e-08    4.1383e-76    1.5535e-88    2.6801e-03    0.0000e+00    1.9199e-10    4.7753e-20    4.6589e-07    1.2820e-12    6.8210e-35    7.8913e-49    6.7746e-24    9.4267e-17    6.6432e-09    3.7035e-15    2.0990e-50    3.1494e-37    3.4102e-07    1.4692e-06    1.8983e-09    6.9177e-35    3.6319e-04    8.3925e-11    5.3830e-146    1.2260e-282    1.0666e-83    3.0826e-44    2.8708e-29    1.7953e-27    2.0128e-02    1.1409e-01    4.4182e-126    9.7181e-120    1.1707e-123    4.8474e-244    1.1901e-78    9.0440e-15    1.0993e-78    2.3378e-52    3.8155e-47    3.7606e-38    4.6273e-12    1.7237e-09    6.2249e-102    2.6787e-210    1.9496e-39    2.8351e-52    7.1169e-16    2.1272e-22    2.0152e-253    1.0030e-240    7.5395e-101    9.4930e-58    7.2415e-15    1.6664e-35    7.0637e-33    6.8012e-59    8.7281e-73    7.4920e-81    9.8195e-15    6.8962e-10    3.1772e-41    1.1206e-63    6.7914e-18    1.2872e-03
5.0316e-31    1.2861e-60    2.6854e-90    4.0352e-91    4.3988e-43    5.3327e-56    7.1719e-35    1.0199e-37    6.2641e-33    6.5440e-37    5.4739e-24    6.2501e-19    4.2776e-35    4.6644e-84    6.0982e-46    9.7630e-35    3.7968e-02    2.3364e-09    3.8263e-108    1.1865e-53    1.1827e-06    1.5314e-12    7.4602e-107    2.6021e-132    3.8943e-07    2.1230e-03    1.5222e-31    7.2998e-30    3.5680e-22    1.9199e-10    0.0000e+00    2.9986e-05    6.5292e-09    4.0961e-15    8.1539e-21    6.5103e-47    1.0134e-23    2.2361e-17    1.1342e-02    9.3361e-03    2.8339e-81    2.8616e-41    1.3921e-11    1.0976e-13    2.0876e-09    1.4213e-14    2.9642e-04    3.6642e-05    1.0468e-108    1.5749e-165    1.1169e-40    6.0376e-26    3.6523e-14    2.4725e-13    9.5194e-17    1.2072e-12    5.5226e-65    1.5188e-78    4.2407e-71    1.6431e-156    1.1094e-35    6.0843e-10    1.2567e-40    2.4422e-25    1.6814e-22    1.3425e-18    1.9369e-08    1.5939e-04    2.8172e-76    1.7437e-133    1.2963e-30    2.2908e-51    3.0956e-34    5.7549e-41    8.7391e-199    1.7421e-216    9.7047e-48    1.1143e-28    3.1439e-14    2.6206e-09    6.5486e-10    8.8256e-33    1.7468e-50    1.0205e-48    1.4655e-05    3.8571e-08    1.3247e-16    5.4888e-33    1.4558e-05    1.6362e-06
