0.0000e+00    9.5723e-30    2.0061e-23    1.3055e-05    1.0329e-08    1.1759e-22    4.2357e-03    3.6512e-19    6.4540e-35    1.3101e-10    4.9766e-55    6.1619e-13    7.7776e-15    1.8366e-29    3.6538e-39    3.3218e-76    7.4972e-50    1.4474e-06    2.0679e-39    3.8320e-57    1.9737e-226    1.6297e-12    2.1742e-05    4.2213e-27    2.7431e-10    6.2564e-07    6.2128e-54    5.2332e-65    2.8933e-06    1.0549e-29    5.7050e-07    2.3358e-09    3.7921e-10    5.9825e-15    4.1107e-31    7.0012e-11    2.2053e-13    5.6334e-81    2.7220e-05    3.5949e-30    5.9688e-18    1.1185e-08    4.8666e-64    4.4145e-47    2.4106e-40    1.8195e-01    5.9729e-06    2.2497e-15    4.9341e-08    3.2043e-09    1.4678e-18    8.6982e-07    5.4660e-10    1.7480e-25    1.0744e-06    1.0088e-44    4.8981e-17    2.1101e-24    7.3443e-48    9.6717e-60    3.5894e-59    2.4028e-38    2.9967e-07    9.4023e-30    1.5657e-99    4.2339e-271    5.2174e-11    1.6704e-11    1.6871e-18    2.6602e-03    5.6496e-20    4.9665e-06    3.3129e-76    6.5532e-04    2.7834e-36    1.1881e-02    5.7702e-02    2.1317e-04    2.1821e-15    2.1538e-47    2.4027e-05    1.6383e-10    2.6922e-91    3.0845e-05    3.3519e-54    6.6659e-06    1.7463e-08    6.0643e-26    7.0252e-22    6.9613e-26
9.5723e-30    0.0000e+00    6.5880e-64    2.6165e-44    1.7872e-45    3.2830e-116    1.6394e-36    9.6022e-51    6.4151e-130    3.8560e-29    2.2984e-188    1.2803e-05    2.5146e-88    8.9473e-116    7.4182e-156    9.0206e-263    7.3290e-195    6.4254e-60    1.9538e-179    2.6158e-217    0.0000e+00    3.6897e-90    9.9655e-57    1.1903e-134    1.3316e-12    3.6834e-66    1.5463e-200    2.4195e-236    3.1330e-14    8.8211e-12    2.0688e-40    2.0125e-60    5.7104e-81    7.1360e-89    1.0905e-05    6.7467e-72    6.4412e-63    1.0038e-14    1.8766e-48    9.9293e-84    1.6427e-80    8.7389e-70    3.7276e-243    2.0862e-196    7.3228e-166    9.9220e-35    1.4909e-15    2.6412e-48    1.0475e-32    8.3562e-40    8.9277e-102    1.0956e-19    2.2935e-52    7.0157e-116    1.0007e-27    3.0596e-159    1.3074e-04    7.2506e-130    5.3632e-155    1.2006e-212    1.5557e-233    6.2488e-160    9.5132e-39    1.1798e-145    0.0000e+00    0.0000e+00    8.2546e-75    8.1447e-68    8.1876e-102    1.5563e-39    4.6886e-109    1.6831e-56    1.9723e-270    1.2514e-14    5.0494e-05    5.5260e-26    3.0721e-31    2.3901e-42    3.1030e-95    7.0034e-26    7.9870e-50    1.3825e-51    9.8668e-27    6.0704e-44    5.8477e-185    7.1755e-51    5.5964e-61    4.6854e-129    3.0008e-109    1.6545e-130
2.0061e-23    6.5880e-64    0.0000e+00    2.6315e-35    3.1528e-11    2.2259e-87    6.5268e-22    5.5430e-03    5.1501e-53    3.5942e-22    1.6060e-67    3.0448e-35    3.3274e-43    4.2420e-29    5.1006e-98    3.3265e-159    2.7799e-178    3.1401e-35    5.3278e-95    1.8064e-94    0.0000e+00    1.2256e-47    1.7294e-23    4.9827e-79    3.8179e-20    2.3951e-40    7.6994e-167    4.1004e-196    2.9923e-18    1.7260e-18    8.2006e-11    3.8327e-18    2.2194e-56    3.0960e-50    8.4128e-45    2.3340e-37    5.5928e-91    4.9327e-110    1.6407e-16    2.7405e-31    6.4298e-14    2.1321e-37    1.8239e-209    5.5856e-160    5.7596e-112    1.4651e-27    2.2324e-48    1.6649e-03    2.6486e-48    2.1051e-15    2.0098e-80    1.9269e-55    2.9175e-21    1.2990e-60    8.1718e-11    1.0011e-34    6.4789e-55    2.9235e-84    6.1558e-39    1.4564e-149    3.0141e-152    1.3745e-150    2.2033e-33    1.0167e-104    1.5538e-90    0.0000e+00    1.6912e-39    8.9558e-13    1.0697e-42    4.2219e-22    3.0075e-83    2.2899e-18    1.0089e-243    1.5489e-20    4.9372e-77    2.3942e-23    4.2534e-18    1.4639e-19    2.7155e-52    2.4137e-43    8.0468e-34    1.0573e-78    3.7083e-152    5.9527e-16    5.6721e-110    2.5166e-11    2.1735e-33    9.3269e-94    7.4238e-77    1.7252e-75
1.3055e-05    2.6165e-44    2.6315e-35    0.0000e+00    2.2934e-09    3.4944e-17    1.7147e-02    1.9439e-27    1.7220e-25    4.4326e-13    3.0285e-44    2.8192e-24    3.8587e-12    9.7844e-24    6.0685e-29    2.2286e-68    9.1753e-49    1.2582e-04    2.3742e-49    8.1648e-53    3.0696e-252    2.6332e-12    1.0011e-07    4.7835e-23    3.0179e-20    1.3926e-05    5.9420e-69    8.3751e-63    1.4455e-15    9.2390e-46    1.5710e-10    1.0791e-06    1.0419e-08    5.3198e-11    1.0543e-48    2.0798e-09    4.9758e-11    5.3675e-103    1.1369e-07    1.0309e-21    8.5014e-18    5.0907e-09    1.0339e-69    9.3702e-49    4.3508e-42    7.0948e-03    3.6965e-09    1.6754e-21    2.9411e-03    2.5567e-09    9.0973e-14    9.6808e-09    4.6989e-07    4.0653e-18    8.6565e-14    1.8461e-38    7.3826e-32    1.3066e-25    2.3318e-39    7.7593e-50    2.0587e-60    1.1206e-37    8.6745e-11    6.4389e-41    7.8254e-100    2.4892e-290    3.9751e-05    3.3104e-12    1.2011e-13    3.4077e-10    1.0157e-14    7.3974e-06    5.3547e-78    1.9623e-10    2.8996e-51    9.4144e-06    1.3001e-04    2.9872e-03    9.2633e-16    2.1827e-68    3.2132e-03    6.3429e-08    1.1425e-104    2.2065e-08    8.2736e-40    4.2293e-09    3.4597e-04    7.6727e-21    2.2460e-14    3.0123e-21
1.0329e-08    1.7872e-45    3.1528e-11    2.2934e-09    0.0000e+00    2.7380e-42    6.6446e-06    7.9199e-06    2.1254e-26    3.8955e-05    2.1140e-37    3.1342e-22    1.1026e-16    4.2177e-14    7.9925e-51    1.1649e-96    2.1022e-94    3.3995e-14    1.7435e-59    1.1833e-57    1.8155e-305    9.1287e-23    4.4664e-11    1.3564e-39    8.2275e-19    3.7708e-16    7.2100e-95    8.8543e-111    3.6771e-10    6.7906e-24    1.2310e-01    9.4301e-05    1.1481e-23    4.4119e-19    1.0198e-42    8.2288e-19    5.0643e-36    1.4170e-99    1.2935e-07    9.2568e-10    8.3316e-05    5.2681e-15    2.2189e-115    2.0852e-89    5.9737e-59    2.3145e-08    2.9019e-18    2.4824e-04    1.6352e-13    8.3187e-02    6.5715e-35    1.0256e-17    1.9050e-03    5.2065e-28    2.0995e-04    2.1510e-20    6.7239e-35    1.1009e-43    1.3030e-24    2.0422e-83    8.6718e-89    3.9914e-75    1.1309e-20    1.5296e-61    2.5842e-73    5.2151e-282    1.4636e-13    5.5145e-04    2.2007e-17    5.2313e-13    3.7607e-38    3.7863e-04    6.2310e-138    3.9385e-10    2.6730e-61    1.5641e-06    1.5785e-06    3.6738e-03    4.1657e-24    2.6955e-61    8.8208e-13    2.0784e-29    8.1908e-117    5.8954e-08    1.3752e-59    1.0845e-03    4.8468e-08    6.6922e-45    4.6476e-36    1.3536e-37
1.1759e-22    3.2830e-116    2.2259e-87    3.4944e-17    2.7380e-42    0.0000e+00    1.0555e-22    7.2850e-84    1.7046e-18    1.1234e-63    4.0970e-26    1.3840e-76    7.9221e-10    6.3458e-32    4.2058e-05    7.5248e-17    2.0312e-09    4.1713e-09    2.5331e-17    2.3083e-16    6.4102e-101    3.3089e-05    8.7900e-14    7.7727e-04    3.5324e-62    3.1313e-07    1.0644e-29    4.3124e-13    2.1327e-55    8.4602e-154    2.8700e-39    9.2574e-24    6.7034e-05    6.8024e-09    1.3177e-127    1.4371e-10    2.0097e-14    1.3946e-226    1.9066e-21    1.5680e-59    1.2646e-34    1.1574e-09    7.3052e-17    4.8394e-08    4.8679e-15    8.1944e-19    2.4706e-37    2.1355e-74    4.4760e-29    7.6348e-50    7.0616e-03    1.3458e-36    3.3193e-32    1.1723e-07    3.9890e-48    1.2758e-38    9.9916e-71    1.0805e-05    1.6499e-49    3.7154e-10    1.0170e-13    8.8910e-09    2.2220e-22    1.6509e-16    9.7163e-40    2.2767e-126    1.0084e-07    1.0753e-27    4.1523e-09    1.3126e-22    1.2832e-01    2.9269e-18    3.1399e-18    5.4268e-44    2.8653e-105    2.2742e-30    9.7481e-26    3.0193e-23    3.6708e-09    1.0247e-143    1.8991e-12    1.4501e-15    4.3207e-211    6.4476e-25    3.7687e-12    5.5357e-25    4.3209e-14    5.0501e-03    2.2339e-01    4.2814e-03
4.2357e-03    1.6394e-36    6.5268e-22    1.7147e-02    6.6446e-06    1.0555e-22    0.0000e+00    8.8622e-18    1.1146e-27    1.6778e-09    6.5488e-45    1.1732e-17    3.7920e-14    2.6573e-21    2.4825e-35    6.7742e-74    3.2763e-55    2.1141e-04    4.5405e-44    3.5181e-52    3.4101e-245    1.2926e-12    5.9838e-05    3.0442e-26    1.3110e-12    8.9405e-06    2.4079e-63    3.8993e-72    2.8544e-09    1.8308e-31    4.4068e-07    6.0693e-04    1.1170e-10    9.8394e-13    3.2704e-36    7.6937e-08    6.9805e-16    5.6486e-89    1.9042e-03    6.7383e-22    9.7412e-14    3.0515e-09    1.1173e-72    6.1773e-55    1.4858e-40    3.7269e-02    6.9971e-09    3.7277e-12    8.5706e-06    6.3120e-06    2.8377e-19    4.2670e-09    4.7108e-06    6.7579e-22    7.4210e-09    4.2818e-34    8.5998e-27    3.1025e-28    3.5395e-35    9.5883e-59    1.2619e-63    6.0860e-43    2.3961e-07    5.1341e-37    2.9329e-86    1.7354e-273    3.7632e-07    4.1337e-08    1.5891e-14    1.2265e-05    1.5784e-19    9.7753e-04    6.9648e-87    4.5958e-06    9.5368e-44    2.0847e-04    4.3395e-02    3.2317e-02    2.9035e-15    3.3190e-51    7.8434e-03    5.3885e-12    4.9253e-97    1.0489e-03    4.6714e-47    4.9527e-05    6.8381e-06    6.0609e-25    1.1404e-19    4.8262e-24
3.6512e-19    9.6022e-51    5.5430e-03    1.9439e-27    7.9199e-06    7.2850e-84    8.8622e-18    0.0000e+00    1.6210e-45    9.5499e-11    3.7548e-57    6.6609e-26    1.2702e-36    3.5737e-23    7.1675e-93    1.6043e-156    8.1926e-182    4.2553e-33    4.7143e-100    2.1289e-91    0.0000e+00    3.2483e-46    3.0387e-23    3.5995e-76    2.4550e-21    4.2699e-38    3.8999e-181    7.6444e-197    1.0219e-12    2.1145e-17    4.0311e-05    2.8286e-15    2.4040e-53    1.4773e-44    1.0237e-41    1.2026e-37    5.9872e-74    2.2645e-102    1.9509e-16    1.1287e-18    5.6857e-09    3.3709e-33    1.1295e-218    5.7934e-162    1.9968e-116    7.0518e-22    3.0730e-33    3.0839e-02    6.5582e-33    7.8705e-08    7.5696e-73    9.0727e-35    3.7964e-13    3.0277e-54    9.4424e-06    5.1652e-27    3.5982e-41    7.0857e-83    4.9465e-33    1.9979e-145    1.6834e-153    1.0545e-150    5.5294e-35    1.3930e-112    1.3253e-89    0.0000e+00    3.1473e-34    1.3312e-09    1.2562e-37    2.0038e-23    1.0179e-79    1.3430e-14    9.6182e-250    5.2100e-16    1.0547e-68    4.3007e-16    1.0049e-15    4.2826e-14    2.5111e-51    1.7003e-54    1.0833e-30    2.8265e-61    1.9494e-132    3.7011e-16    1.6208e-102    3.3332e-09    1.5118e-24    3.9190e-92    1.9851e-72    5.8873e-73
6.4540e-35    6.4151e-130    5.1501e-53    1.7220e-25    2.1254e-26    1.7046e-18    1.1146e-27    1.6210e-45    0.0000e+00    2.8618e-43    1.8082e-04    6.4463e-82    2.6630e-07    9.9258e-05    1.8581e-10    2.5936e-26    1.8440e-46    5.7947e-20    7.0062e-29    3.0027e-09    3.7678e-139    1.1518e-13    2.0978e-18    3.4124e-10    3.2737e-72    7.8006e-20    2.7804e-68    1.1785e-40    1.5292e-58    1.5340e-114    3.2746e-30    2.9855e-18    1.2966e-21    1.6480e-09    1.7460e-126    1.1085e-23    6.8570e-47    4.7645e-242    3.8607e-24    8.1603e-23    2.3929e-14    1.8637e-12    5.2944e-58    9.4543e-36    1.0529e-30    9.4375e-30    1.3599e-59    1.0663e-43    2.2264e-40    3.8591e-29    3.3321e-16    8.7487e-59    4.1053e-17    2.3409e-03    2.4705e-41    4.1550e-06    7.4871e-102    2.1249e-16    6.8962e-07    5.1101e-23    1.9669e-28    6.4300e-42    1.8336e-45    4.3504e-44    9.9145e-10    8.7125e-99    8.4111e-10    2.4844e-14    7.5398e-05    2.4454e-38    2.6184e-19    9.3883e-17    9.9037e-62    3.2614e-53    4.4935e-142    6.2798e-40    5.4241e-33    3.2639e-24    8.7892e-14    4.3132e-142    1.1431e-24    9.5570e-46    2.9745e-249    4.4367e-32    4.8914e-10    1.6617e-20    1.5280e-12    2.4679e-20    1.2319e-13    1.2734e-10
1.3101e-10    3.8560e-29    3.5942e-22    4.4326e-13    3.8955e-05    1.1234e-63    1.6778e-09    9.5499e-11    2.8618e-43    0.0000e+00    2.7536e-70    8.1351e-12    5.0449e-29    1.2712e-31    3.2449e-77    3.6648e-149    2.2111e-134    1.5383e-24    2.2555e-100    1.7640e-100    0.0000e+00    7.2270e-40    6.6067e-20    1.2271e-64    2.0627e-17    1.6115e-28    6.1771e-140    4.1369e-157    2.4682e-06    2.0282e-17    6.5443e-05    8.5228e-15    5.6401e-40    1.1893e-31    3.9812e-32    4.2371e-34    2.0152e-40    8.7193e-80    9.1657e-16    5.8347e-16    3.9767e-16    1.2451e-23    3.0436e-169    3.1299e-130    1.6810e-92    6.2294e-11    7.5852e-11    1.6012e-11    4.0823e-10    1.5035e-02    5.0099e-50    6.3598e-10    7.5928e-06    1.3843e-44    7.1752e-03    5.7815e-49    3.2919e-21    3.5860e-68    1.3215e-48    1.5291e-122    1.2988e-137    6.4808e-106    4.1822e-28    1.1441e-96    2.0458e-146    0.0000e+00    3.1013e-24    4.0398e-14    2.1288e-34    1.2798e-20    2.5911e-58    6.8706e-13    5.6904e-195    2.4720e-07    1.1154e-46    2.5857e-06    2.5234e-09    1.4700e-07    2.6304e-40    1.6968e-58    2.3934e-20    2.8682e-31    7.7586e-95    9.8929e-17    3.7989e-89    1.4586e-10    1.7816e-13    1.7402e-70    4.2231e-54    1.8997e-62
4.9766e-55    2.2984e-188    1.6060e-67    3.0285e-44    2.1140e-37    4.0970e-26    6.5488e-45    3.7548e-57    1.8082e-04    2.7536e-70    0.0000e+00    1.9646e-124    1.9181e-13    6.6177e-10    1.2569e-13    1.0925e-25    2.3823e-47    1.9838e-32    6.8387e-32    2.7322e-10    2.3126e-114    1.6615e-22    6.7422e-32    2.1749e-14    4.2232e-97    1.2526e-30    1.6151e-63    3.0710e-38    3.9230e-84    8.9973e-143    3.4214e-41    2.0675e-27    1.1772e-29    1.5211e-17    1.5835e-170    2.7350e-34    1.9257e-81    9.7899e-303    9.6105e-37    2.3063e-27    1.3025e-19    4.1836e-25    5.8722e-51    1.7029e-36    3.9210e-30    1.2794e-49    1.7893e-101    1.1454e-56    5.0547e-74    2.2285e-46    1.0642e-28    2.0270e-102    2.9830e-32    8.8562e-09    1.5423e-59    4.5093e-07    5.5811e-152    2.3518e-21    6.9045e-13    2.2595e-22    5.2812e-27    5.0246e-48    1.8060e-62    8.2749e-48    2.0031e-08    3.5848e-78    3.3268e-20    2.6406e-22    2.1796e-09    1.1513e-52    4.6346e-27    1.4380e-25    4.1617e-56    3.2070e-79    3.9485e-199    1.2396e-60    1.2840e-51    8.0256e-38    3.9999e-21    5.0285e-174    7.6259e-40    9.2610e-81    0.0000e+00    1.1177e-43    2.0158e-10    7.7485e-32    4.8018e-26    7.2245e-25    1.1949e-22    3.3663e-15
6.1619e-13    1.2803e-05    3.0448e-35    2.8192e-24    3.1342e-22    1.3840e-76    1.1732e-17    6.6609e-26    6.4463e-82    8.1351e-12    1.9646e-124    0.0000e+00    1.2953e-51    8.0346e-70    2.7677e-104    7.6761e-184    3.4048e-139    1.9847e-34    1.9440e-118    9.5495e-144    0.0000e+00    6.0808e-54    8.0009e-30    7.7701e-87    4.5480e-07    1.0448e-38    2.5853e-140    1.9628e-169    2.6043e-04    4.9222e-07    3.6419e-19    5.3152e-33    3.7414e-50    7.6322e-53    3.2306e-09    4.7189e-44    9.7595e-42    2.0874e-35    2.2909e-25    8.7634e-52    4.2279e-45    4.2292e-38    4.0659e-174    8.2086e-138    8.2542e-111    1.4453e-16    3.4049e-07    1.0900e-24    6.0403e-18    4.1349e-18    9.5459e-65    8.3558e-10    2.0827e-26    1.6135e-72    1.6595e-10    3.6748e-100    1.0010e-03    2.5914e-83    9.7372e-98    2.0411e-149    6.3602e-161    1.5421e-111    2.9610e-24    1.7584e-98    5.8111e-225    0.0000e+00    2.1986e-43    2.0251e-36    2.0193e-61    8.7500e-21    3.0001e-71    1.3875e-29    4.0891e-198    1.0446e-04    5.7904e-15    2.3970e-11    6.6455e-14    8.2244e-21    8.0445e-57    5.4966e-29    3.7281e-28    4.7922e-33    4.5153e-51    1.1824e-23    1.0668e-126    9.8909e-25    5.3399e-33    7.8945e-86    1.3676e-70    6.0258e-84
7.7776e-15    2.5146e-88    3.3274e-43    3.8587e-12    1.1026e-16    7.9221e-10    3.7920e-14    1.2702e-36    2.6630e-07    5.0449e-29    1.9181e-13    1.2953e-51    0.0000e+00    4.7691e-10    1.8218e-11    8.9137e-30    4.7753e-28    1.7129e-09    3.5688e-18    1.7091e-14    4.7026e-121    1.0487e-04    4.5135e-08    3.3533e-06    7.2750e-47    8.1507e-08    4.6896e-36    9.7714e-31    3.2907e-34    2.9469e-89    9.4469e-16    1.2902e-11    1.4878e-07    3.4197e-03    1.7498e-93    5.1252e-14    1.4254e-21    1.1698e-182    1.1936e-13    1.1431e-23    1.1587e-10    7.7216e-03    1.5946e-34    5.4417e-23    2.6227e-17    4.5958e-12    2.1483e-30    1.7829e-34    2.1884e-21    3.8026e-20    3.1525e-06    4.1627e-29    5.0681e-11    8.7162e-04    1.2292e-22    4.1351e-14    1.7566e-58    1.3995e-06    8.4032e-21    3.2558e-23    3.6846e-22    1.2975e-21    9.3246e-27    2.0674e-23    9.7306e-29    2.7895e-121    4.8288e-04    3.3620e-09    1.6629e-02    1.9806e-18    4.2442e-09    8.8456e-07    1.3672e-42    1.9973e-29    3.5550e-97    4.6279e-18    4.1395e-16    5.5960e-11    4.0447e-05    2.3228e-113    1.6987e-12    5.9166e-21    5.6787e-187    6.0276e-18    3.5334e-17    2.0918e-09    4.4131e-04    5.0258e-11    3.6041e-08    1.0631e-06
1.8366e-29    8.9473e-116    4.2420e-29    9.7844e-24    4.2177e-14    6.3458e-32    2.6573e-21    3.5737e-23    9.9258e-05    1.2712e-31    6.6177e-10    8.0346e-70    4.7691e-10    0.0000e+00    6.0270e-26    2.3138e-54    1.2316e-83    5.1936e-19    6.4801e-45    6.8224e-24    1.9499e-238    1.7326e-17    6.5499e-15    1.5495e-22    1.4925e-55    1.2483e-20    3.7257e-101    1.1021e-80    7.1115e-45    2.1556e-77    2.1980e-18    2.9860e-10    8.9342e-27    1.4614e-14    6.9701e-103    3.6501e-22    1.3768e-61    1.9859e-206    1.0693e-16    1.8426e-12    5.6905e-05    3.1137e-14    5.6837e-103    9.1292e-68    3.9733e-51    3.0043e-26    3.4919e-59    1.4649e-22    2.5792e-41    1.8044e-17    1.8725e-29    8.0343e-61    6.5888e-11    1.6345e-10    4.3637e-28    3.6913e-02    2.7182e-95    1.8420e-30    1.1054e-02    3.4637e-50    1.4406e-58    5.6624e-73    1.0374e-39    8.8862e-62    5.1372e-21    1.7019e-169    3.9077e-11    5.6971e-06    3.2356e-07    3.7768e-31    3.5231e-32    1.2922e-10    8.3417e-114    2.6203e-42    2.1096e-131    1.0793e-32    3.4473e-25    3.6997e-17    2.0412e-19    2.0066e-111    1.2153e-22    1.2050e-56    2.6241e-229    1.3121e-22    3.6029e-27    8.7277e-12    3.2782e-12    5.5072e-36    1.4164e-24    1.0435e-21
3.6538e-39    7.4182e-156    5.1006e-98    6.0685e-29    7.9925e-51    4.2058e-05    2.4825e-35    7.1675e-93    1.8581e-10    3.2449e-77    1.2569e-13    2.7677e-104    1.8218e-11    6.0270e-26    0.0000e+00    1.4772e-06    2.6562e-15    1.2340e-18    3.0416e-19    1.8237e-05    1.8087e-78    2.2969e-10    2.2520e-22    3.3095e-03    3.7905e-87    8.9883e-17    1.2019e-42    6.4357e-11    1.1904e-77    8.4225e-183    2.0324e-50    2.5635e-30    2.7487e-14    1.3027e-11    7.1843e-164    3.9682e-20    8.1326e-34    1.1611e-287    4.9401e-32    7.0860e-59    3.8056e-36    3.2934e-15    1.9769e-22    3.9532e-10    2.6524e-18    1.7463e-33    2.0641e-62    5.3278e-85    4.3578e-46    1.0831e-58    8.6333e-08    1.1014e-61    1.2953e-37    1.4136e-04    2.7661e-63    1.3534e-28    4.5607e-107    7.8199e-08    5.1992e-37    6.9260e-04    5.2261e-09    4.4574e-17    9.0181e-41    2.3179e-27    4.9597e-15    1.1456e-72    6.9164e-12    9.2097e-32    6.9595e-09    1.9012e-39    4.0070e-07    5.7700e-26    2.2595e-20    2.5155e-65    2.1903e-148    3.6898e-48    1.9813e-40    2.7367e-34    5.1416e-13    3.6622e-178    4.8401e-24    2.8395e-35    1.6356e-273    1.7247e-38    1.3706e-02    1.7657e-33    5.8429e-20    6.0623e-07    4.2588e-04    3.9469e-03
3.3218e-76    9.0206e-263    3.3265e-159    2.2286e-68    1.1649e-96    7.5248e-17    6.7742e-74    1.6043e-156    2.5936e-26    3.6648e-149    1.0925e-25    7.6761e-184    8.9137e-30    2.3138e-54    1.4772e-06    0.0000e+00    3.2139e-21    4.7079e-43    2.2581e-24    5.8962e-08    7.7217e-48    2.1217e-25    5.7050e-46    1.1646e-11    1.4799e-142    4.5796e-39    2.6994e-52    4.1470e-06    3.5294e-135    4.7781e-294    5.5062e-92    6.9670e-63    1.0026e-33    1.5736e-32    2.3881e-261    2.4515e-41    4.5968e-83    0.0000e+00    1.8725e-61    8.0600e-110    2.1913e-67    3.4541e-37    1.2577e-22    3.2325e-09    3.6768e-29    9.0646e-71    1.5056e-127    1.1726e-146    6.0415e-106    3.6819e-115    2.2289e-27    5.7040e-132    6.2494e-81    7.5396e-18    1.8895e-111    1.4129e-54    7.3358e-182    7.0644e-16    6.1803e-72    2.6607e-02    4.4148e-06    4.3147e-32    1.6208e-70    1.0616e-36    4.3545e-15    5.9023e-36    3.4425e-35    4.5948e-62    1.3936e-25    9.6897e-68    3.7693e-22    3.7824e-54    1.8059e-14    6.9276e-118    1.3393e-236    7.8236e-93    9.8871e-79    4.3034e-71    9.1630e-30    1.6320e-256    8.6878e-54    2.2688e-86    0.0000e+00    9.5224e-70    1.1081e-06    1.5252e-63    1.8731e-51    4.8897e-19    9.7248e-18    2.7256e-12
7.4972e-50    7.3290e-195    2.7799e-178    9.1753e-49    2.1022e-94    2.0312e-09    3.2763e-55    8.1926e-182    1.8440e-46    2.2111e-134    2.3823e-47    3.4048e-139    4.7753e-28    1.2316e-83    2.6562e-15    3.2139e-21    0.0000e+00    2.4481e-29    3.8357e-19    2.8627e-23    1.9573e-64    1.9449e-24    5.4298e-38    1.7831e-12    1.7672e-117    1.8258e-20    6.3370e-19    3.2937e-07    2.5167e-98    3.9561e-281    1.4066e-85    1.7068e-57    3.2754e-15    3.0787e-17    2.6426e-217    5.4670e-32    1.8577e-21    1.5316e-322    2.6011e-49    9.2917e-116    4.1431e-74    8.3361e-26    5.6533e-04    5.2518e-06    3.1803e-12    2.6947e-46    3.7961e-65    9.0804e-159    5.6857e-62    1.6843e-112    1.4797e-10    2.5090e-58    9.3806e-76    1.2760e-27    7.4162e-89    4.5236e-83    5.5543e-92    8.0696e-12    1.3402e-119    7.4191e-12    3.3636e-12    1.5418e-02    1.5135e-43    1.0064e-15    5.8161e-47    5.2241e-100    2.4446e-30    1.4124e-66    3.6472e-27    2.5225e-38    4.7658e-07    3.2825e-42    3.4518e-05    5.4951e-84    7.6291e-161    9.6253e-58    8.5983e-61    6.5801e-45    1.5174e-15    4.6624e-247    3.5068e-35    1.4502e-26    9.6404e-294    8.1925e-53    9.3524e-21    1.3261e-49    1.8769e-35    4.1192e-05    1.2074e-12    3.9234e-12
1.4474e-06    6.4254e-60    3.1401e-35    1.2582e-04    3.3995e-14    4.1713e-09    2.1141e-04    4.2553e-33    5.7947e-20    1.5383e-24    1.9838e-32    1.9847e-34    1.7129e-09    5.1936e-19    1.2340e-18    4.7079e-43    2.4481e-29    0.0000e+00    8.0985e-24    8.4379e-31    3.7893e-166    1.7240e-04    5.3208e-03    2.8464e-12    7.7023e-24    2.0109e-01    1.4801e-37    1.1729e-41    1.4129e-21    3.1095e-64    6.5158e-15    1.0531e-05    8.0831e-04    7.5496e-08    2.3492e-59    7.0671e-02    5.2377e-13    2.3071e-129    8.0765e-04    8.4777e-32    6.8467e-17    6.0988e-06    1.2191e-39    6.5231e-29    7.4001e-22    6.4330e-05    1.1592e-17    7.9152e-26    2.0324e-12    9.2057e-17    1.6995e-09    5.3929e-18    6.8300e-12    2.7506e-12    4.9333e-20    6.3029e-29    1.1603e-41    1.3997e-14    7.6836e-32    1.8336e-33    6.7139e-36    5.4563e-23    3.2841e-06    2.1389e-19    1.6129e-54    4.1556e-194    2.1393e-03    7.3239e-10    5.6708e-08    1.2594e-06    5.6412e-08    6.4088e-05    2.5297e-50    6.2334e-16    9.9137e-61    1.7007e-11    1.7931e-06    8.2878e-07    4.2165e-08    4.8549e-71    2.8095e-01    3.6913e-11    1.6707e-131    3.0934e-05    1.0535e-28    3.2064e-08    2.6243e-06    7.3541e-11    5.2828e-08    2.6080e-10
2.0679e-39    1.9538e-179    5.3278e-95    2.3742e-49    1.7435e-59    2.5331e-17    4.5405e-44    4.7143e-100    7.0062e-29    2.2555e-100    6.8387e-32    1.9440e-118    3.5688e-18    6.4801e-45    3.0416e-19    2.2581e-24    3.8357e-19    8.0985e-24    0.0000e+00    1.8261e-13    1.5738e-54    1.2066e-12    3.0109e-20    1.5599e-09    5.2469e-85    8.6492e-19    2.0774e-09    1.3902e-19    2.4576e-74    1.6543e-188    1.4035e-52    7.2383e-37    2.8063e-17    5.6918e-17    4.8037e-166    2.5775e-22    9.8416e-60    3.1468e-293    3.6045e-28    4.2181e-82    2.0140e-37    6.4981e-18    1.3494e-11    4.8001e-11    1.0725e-08    7.2917e-41    3.3330e-84    6.8448e-91    6.9017e-79    3.3821e-76    3.5484e-22    6.4172e-86    1.2828e-53    2.5995e-19    4.1728e-60    6.4552e-46    1.7873e-108    6.2594e-07    3.4073e-68    2.4029e-22    7.8355e-10    3.9827e-22    1.3143e-36    1.2121e-04    2.3744e-18    3.7088e-67    3.4821e-25    6.8181e-33    1.2306e-15    3.1333e-26    1.1968e-17    8.3140e-26    3.9241e-22    9.7240e-69    5.0010e-161    4.2968e-53    1.7827e-45    1.0891e-38    8.1104e-10    2.2622e-164    9.6114e-32    9.1132e-62    8.7963e-310    1.1342e-32    1.3806e-26    6.3332e-28    9.3037e-33    3.1284e-14    1.1955e-19    3.5441e-10
3.8320e-57    2.6158e-217    1.8064e-94    8.1648e-53    1.1833e-57    2.3083e-16    3.5181e-52    2.1289e-91    3.0027e-09    1.7640e-100    2.7322e-10    9.5495e-144    1.7091e-14    6.8224e-24    1.8237e-05    5.8962e-08    2.8627e-23    8.4379e-31    1.8261e-13    0.0000e+00    1.2778e-53    2.5834e-15    3.9730e-28    2.4200e-05    1.6750e-108    1.2680e-27    2.5458e-34    1.2333e-13    2.9641e-99    1.7642e-199    1.7067e-57    6.7205e-37    1.1319e-25    2.7788e-17    5.4759e-201    1.6519e-30    4.7090e-82    0.0000e+00    6.1019e-39    1.0495e-62    4.8576e-33    1.0841e-21    1.1598e-20    3.1104e-13    1.1347e-14    1.1014e-53    1.7174e-111    2.8226e-87    5.1564e-89    2.4422e-71    4.9687e-23    6.8339e-116    1.3289e-48    2.3578e-07    7.6202e-74    9.7288e-24    6.4641e-159    1.7250e-08    9.9049e-34    8.7623e-08    6.1833e-06    1.4645e-29    1.9298e-58    1.5822e-26    8.1091e-03    6.0830e-40    9.1215e-22    7.8226e-32    1.3733e-10    4.3171e-49    4.8532e-19    1.9772e-31    4.2896e-23    1.2159e-89    3.9359e-211    3.1171e-70    3.7908e-56    8.9595e-47    4.2546e-14    4.1780e-195    1.0929e-40    1.1818e-83    0.0000e+00    1.9206e-47    1.1099e-05    6.2185e-36    7.0442e-33    8.3945e-15    3.3813e-15    1.6848e-06
1.9737e-226    0.0000e+00    0.0000e+00    3.0696e-252    1.8155e-305    6.4102e-101    3.4101e-245    0.0000e+00    3.7678e-139    0.0000e+00    2.3126e-114    0.0000e+00    4.7026e-121    1.9499e-238    1.8087e-78    7.7217e-48    1.9573e-64    3.7893e-166    1.5738e-54    1.2778e-53    0.0000e+00    8.3595e-124    5.5856e-163    3.9936e-74    0.0000e+00    9.8793e-140    1.1725e-64    3.5016e-33    0.0000e+00    0.0000e+00    3.8915e-279    1.5861e-217    7.3633e-127    3.5092e-104    0.0000e+00    8.7476e-165    4.1769e-225    0.0000e+00    6.3601e-195    0.0000e+00    5.6552e-209    6.7790e-129    6.0250e-39    2.1124e-45    2.8700e-63    1.3948e-229    0.0000e+00    0.0000e+00    0.0000e+00    0.0000e+00    1.3851e-112    0.0000e+00    8.3739e-268    1.9690e-113    2.3506e-287    3.9080e-212    0.0000e+00    5.6915e-68    5.7258e-314    2.2638e-48    6.2615e-32    8.2547e-89    1.3067e-211    4.0882e-75    1.2537e-58    6.3664e-07    9.0415e-159    1.4036e-210    1.0566e-114    1.3334e-173    3.2531e-102    1.5145e-172    1.7704e-32    0.0000e+00    0.0000e+00    1.8396e-258    2.7145e-256    1.5153e-203    1.2253e-88    0.0000e+00    3.6784e-194    8.2519e-240    0.0000e+00    1.2984e-210    4.0206e-71    1.6575e-177    6.3115e-175    4.0074e-84    8.4237e-109    3.1807e-79
1.6297e-12    3.6897e-90    1.2256e-47    2.6332e-12    9.1287e-23    3.3089e-05    1.2926e-12    3.2483e-46    1.1518e-13    7.2270e-40    1.6615e-22    6.0808e-54    1.0487e-04    1.7326e-17    2.2969e-10    2.1217e-25    1.9449e-24    1.7240e-04    1.2066e-12    2.5834e-15    8.3595e-124    0.0000e+00    5.1421e-04    1.3515e-04    2.6860e-40    1.5722e-03    1.5522e-36    1.1303e-26    3.2461e-35    1.2656e-98    4.4568e-21    7.1834e-12    6.8944e-04    4.5034e-06    4.1058e-91    7.8364e-06    5.0376e-22    1.6008e-181    1.7007e-09    2.8204e-40    1.0709e-17    1.8010e-03    2.3049e-32    1.4360e-16    5.6658e-19    9.7379e-11    8.4663e-32    1.9233e-40    1.8461e-25    2.4001e-28    2.3793e-06    6.0591e-34    3.9043e-18    3.0049e-06    1.9417e-27    5.2817e-24    1.8669e-58    6.5994e-05    8.5751e-31    7.3411e-21    4.8798e-19    3.4276e-21    1.9352e-15    3.6927e-15    1.7412e-30    4.9038e-131    4.7388e-04    3.2316e-12    2.0884e-04    1.3680e-11    8.9361e-06    1.0617e-07    2.8768e-37    5.5434e-28    2.0346e-88    2.1601e-19    1.6393e-13    6.6076e-13    5.4966e-05    1.6595e-100    1.2087e-07    1.9105e-21    1.3702e-185    1.0302e-12    6.0444e-19    2.5216e-10    1.9108e-08    5.1722e-08    7.2497e-05    4.9188e-04
2.1742e-05    9.9655e-57    1.7294e-23    1.0011e-07    4.4664e-11    8.7900e-14    5.9838e-05    3.0387e-23    2.0978e-18    6.6067e-20    6.7422e-32    8.0009e-30    4.5135e-08    6.5499e-15    2.2520e-22    5.7050e-46    5.4298e-38    5.3208e-03    3.0109e-20    3.9730e-28    5.5856e-163    5.1421e-04    0.0000e+00    2.7845e-13    1.9321e-21    1.9130e-03    1.3182e-41    3.5771e-47    7.6713e-18    3.3928e-53    3.2174e-11    1.4094e-05    5.8105e-07    3.7063e-08    8.0901e-54    8.3546e-05    4.4777e-20    6.1089e-127    7.6143e-03    9.3101e-30    7.5196e-12    1.0625e-03    1.1170e-47    1.1214e-32    7.7476e-25    4.9629e-05    2.4621e-19    2.4654e-18    3.4815e-16    4.6325e-13    1.4270e-12    3.4610e-21    1.6518e-09    1.1389e-12    4.9195e-14    3.3442e-24    5.1768e-39    1.9689e-13    4.7465e-26    5.0051e-39    3.7068e-36    1.7512e-30    3.2293e-09    7.4790e-20    3.8439e-45    2.9477e-174    6.8753e-05    3.9339e-06    8.5509e-08    2.4666e-05    1.0421e-12    1.0139e-03    5.8132e-59    7.9101e-14    3.2640e-61    8.7847e-11    3.1734e-05    2.0742e-06    5.6193e-07    2.4458e-63    3.2673e-04    6.9489e-18    6.0843e-138    2.6602e-05    5.5786e-33    7.7050e-04    1.5771e-06    8.7448e-16    4.3420e-12    3.8245e-12
4.2213e-27    1.1903e-134    4.9827e-79    4.7835e-23    1.3564e-39    7.7727e-04    3.0442e-26    3.5995e-76    3.4124e-10    1.2271e-64    2.1749e-14    7.7701e-87    3.3533e-06    1.5495e-22    3.3095e-03    1.1646e-11    1.7831e-12    2.8464e-12    1.5599e-09    2.4200e-05    3.9936e-74    1.3515e-04    2.7845e-13    0.0000e+00    1.3072e-69    1.0477e-09    2.4533e-26    4.8601e-12    1.0859e-59    3.5363e-154    2.6331e-37    2.1427e-22    7.5682e-08    3.7004e-06    1.1024e-138    7.6310e-14    2.6830e-29    5.2221e-251    1.5440e-21    1.1166e-51    6.4467e-26    4.7533e-08    6.3868e-16    8.9231e-08    2.1344e-10    1.3503e-23    2.9426e-51    3.4788e-69    6.7899e-40    4.1342e-48    2.2856e-05    1.3342e-51    9.6786e-30    1.1838e-03    8.2834e-47    1.9127e-25    1.1706e-86    1.5935e-02    2.2878e-36    3.8149e-08    3.5470e-07    1.3910e-12    2.6778e-30    4.1244e-15    5.3372e-15    1.8464e-77    5.5399e-08    5.5901e-22    1.2057e-04    1.1702e-25    1.6658e-04    1.9499e-16    2.9247e-19    2.7319e-50    2.7889e-128    2.8735e-35    1.9721e-29    3.6714e-24    1.2215e-05    1.6966e-151    2.7466e-17    1.2341e-30    3.9870e-247    8.8800e-27    1.2578e-07    9.4865e-22    4.9630e-14    3.7526e-04    1.2947e-03    5.2373e-01
2.7431e-10    1.3316e-12    3.8179e-20    3.0179e-20    8.2275e-19    3.5324e-62    1.3110e-12    2.4550e-21    3.2737e-72    2.0627e-17    4.2232e-97    4.5480e-07    7.2750e-47    1.4925e-55    3.7905e-87    1.4799e-142    1.7672e-117    7.7023e-24    5.2469e-85    1.6750e-108    0.0000e+00    2.6860e-40    1.9321e-21    1.3072e-69    0.0000e+00    2.4340e-27    7.7308e-116    4.9707e-144    1.2900e-04    3.3465e-07    6.9395e-17    3.3515e-22    3.3382e-37    5.3377e-47    6.5092e-08    4.4150e-26    2.3232e-39    4.8056e-35    3.8238e-15    2.2145e-50    2.9571e-36    2.4102e-35    1.2176e-143    4.3617e-113    1.9670e-90    1.7497e-13    2.4640e-11    9.2052e-15    3.6659e-20    5.1277e-19    5.8380e-58    5.3340e-15    5.6972e-27    1.2635e-63    9.2754e-13    8.3970e-74    6.4239e-12    2.3776e-69    1.5302e-76    1.5149e-123    2.4941e-127    3.2001e-97    2.0514e-11    3.7499e-71    1.3301e-152    0.0000e+00    1.3246e-35    2.6754e-27    9.4234e-49    1.0172e-10    7.1435e-58    8.5513e-22    2.9722e-166    7.3099e-04    1.9075e-15    1.5312e-10    2.3955e-09    8.3676e-17    5.6174e-48    3.1250e-15    2.7432e-19    9.9816e-32    1.4392e-51    3.0506e-11    7.8662e-107    1.0409e-18    1.5189e-31    5.4000e-68    1.0664e-58    1.0462e-65
6.2564e-07    3.6834e-66    2.3951e-40    1.3926e-05    3.7708e-16    3.1313e-07    8.9405e-06    4.2699e-38    7.8006e-20    1.6115e-28    1.2526e-30    1.0448e-38    8.1507e-08    1.2483e-20    8.9883e-17    4.5796e-39    1.8258e-20    2.0109e-01    8.6492e-19    1.2680e-27    9.8793e-140    1.5722e-03    1.9130e-03    1.0477e-09    2.4340e-27    0.0000e+00    2.7551e-25    1.1420e-33    1.5941e-23    3.7881e-73    1.2240e-15    4.7378e-07    8.1864e-02    8.2379e-06    2.8803e-67    5.7086e-03    2.8996e-12    5.2233e-138    2.4038e-05    2.0530e-33    5.6088e-17    5.6854e-05    2.5203e-27    2.3820e-22    4.7218e-15    3.0834e-05    4.5142e-19    1.2559e-30    3.7384e-14    5.2725e-20    2.2968e-07    1.5014e-19    1.5019e-13    1.5356e-11    1.4231e-20    2.6669e-29    1.5232e-42    1.4527e-10    2.4017e-35    1.8965e-29    4.5664e-29    3.4226e-15    7.6257e-08    3.0765e-13    4.9609e-52    3.5541e-177    2.1072e-03    8.1744e-11    5.7168e-07    2.6235e-06    2.4905e-05    1.0095e-04    2.2181e-38    1.4713e-17    9.0727e-66    2.2031e-11    1.2297e-07    1.0168e-06    1.6455e-05    6.8976e-80    2.2069e-02    2.3030e-11    2.9364e-140    1.5472e-06    8.7182e-27    4.3387e-08    4.5063e-06    3.9823e-07    5.8428e-07    2.9223e-08
6.2128e-54    1.5463e-200    7.6994e-167    5.9420e-69    7.2100e-95    1.0644e-29    2.4079e-63    3.8999e-181    2.7804e-68    6.1771e-140    1.6151e-63    2.5853e-140    4.6896e-36    3.7257e-101    1.2019e-42    2.6994e-52    6.3370e-19    1.4801e-37    2.0774e-09    2.5458e-34    1.1725e-64    1.5522e-36    1.3182e-41    2.4533e-26    7.7308e-116    2.7551e-25    0.0000e+00    2.2175e-32    5.1473e-92    1.2032e-258    1.5933e-86    3.6279e-62    6.3581e-23    9.6072e-21    1.7394e-206    2.7320e-41    6.5798e-42    3.3389e-292    9.6546e-48    2.4823e-119    4.3388e-79    2.9846e-30    2.3957e-11    2.1575e-23    3.3435e-07    1.4692e-55    2.0751e-77    1.2622e-152    3.7889e-84    3.3867e-117    6.3436e-27    1.4171e-67    1.5506e-84    2.6669e-48    9.2285e-81    6.9056e-93    5.6953e-81    3.2976e-18    2.3453e-144    2.6565e-42    2.4048e-25    4.9432e-16    4.7333e-45    5.6645e-06    1.8406e-43    5.4531e-92    1.6613e-46    4.5210e-70    9.3205e-38    1.3144e-27    9.3964e-23    5.7822e-42    1.0719e-28    3.9972e-85    7.3413e-170    2.4983e-58    4.5352e-66    1.1975e-42    2.3352e-12    1.3464e-236    1.4769e-45    6.5173e-47    1.0654e-295    1.1021e-49    6.0168e-50    1.2452e-42    3.5586e-44    1.3995e-18    2.1618e-34    6.1946e-27
5.2332e-65    2.4195e-236    4.1004e-196    8.3751e-63    8.8543e-111    4.3124e-13    3.8993e-72    7.6444e-197    1.1785e-40    4.1369e-157    3.0710e-38    1.9628e-169    9.7714e-31    1.1021e-80    6.4357e-11    4.1470e-06    3.2937e-07    1.1729e-41    1.3902e-19    1.2333e-13    3.5016e-33    1.1303e-26    3.5771e-47    4.8601e-12    4.9707e-144    1.1420e-33    2.2175e-32    0.0000e+00    6.3583e-124    0.0000e+00    1.4425e-98    1.5111e-71    4.9441e-26    3.5251e-27    3.0664e-261    4.5818e-43    5.6624e-41    0.0000e+00    4.0517e-64    7.1554e-132    6.5522e-79    5.4223e-33    3.7727e-08    5.7830e-03    3.2936e-21    9.7016e-61    1.1100e-90    4.0614e-180    1.5623e-83    5.9257e-131    1.8672e-16    1.5507e-86    1.6083e-88    1.0176e-24    4.3056e-108    1.6409e-78    6.0815e-128    1.9187e-12    3.9164e-113    4.6616e-04    5.8401e-04    5.4079e-13    1.1887e-63    1.4852e-25    3.4010e-26    5.6726e-42    3.8619e-37    1.1881e-73    1.0930e-29    1.5760e-58    6.1786e-15    1.1868e-54    8.6019e-03    2.4086e-107    3.9107e-199    3.7688e-78    3.0900e-77    1.8796e-65    1.2339e-25    4.8907e-284    7.8847e-50    1.4896e-46    0.0000e+00    2.6160e-70    1.1035e-13    1.0815e-64    8.2874e-47    4.4745e-13    2.7620e-16    4.1507e-13
2.8933e-06    3.1330e-14    2.9923e-18    1.4455e-15    3.6771e-10    2.1327e-55    2.8544e-09    1.0219e-12    1.5292e-58    2.4682e-06    3.9230e-84    2.6043e-04    3.2907e-34    7.1115e-45    1.1904e-77    3.5294e-135    2.5167e-98    1.4129e-21    2.4576e-74    2.9641e-99    0.0000e+00    3.2461e-35    7.6713e-18    1.0859e-59    1.2900e-04    1.5941e-23    5.1473e-92    6.3583e-124    0.0000e+00    1.7403e-06    4.8274e-08    5.4657e-18    3.4969e-31    3.2005e-34    8.4881e-13    1.4424e-27    2.0797e-31    1.0457e-48    7.2927e-13    5.2475e-33    2.4526e-25    1.8948e-25    9.3360e-119    1.7560e-97    1.2846e-73    6.8647e-09    3.4507e-07    2.1486e-10    8.8102e-14    6.7148e-09    1.5022e-46    2.7493e-08    1.5830e-15    4.3921e-52    1.9971e-04    1.3542e-63    6.7165e-10    8.7514e-57    6.4846e-66    2.4292e-111    1.4384e-111    3.8501e-78    1.4317e-15    1.2045e-60    4.6478e-148    0.0000e+00    7.3615e-29    2.5740e-19    3.0799e-39    3.0321e-10    1.4983e-49    4.6280e-15    1.0138e-141    7.3289e-02    5.8446e-24    4.5514e-05    3.7566e-07    1.4615e-10    1.4056e-36    1.7279e-29    1.7458e-17    1.9365e-25    2.4028e-65    5.1254e-11    3.2951e-95    1.6588e-12    5.5135e-21    2.6442e-58    3.6533e-52    1.0527e-57
1.0549e-29    8.8211e-12    1.7260e-18    9.2390e-46    6.7906e-24    8.4602e-154    1.8308e-31    2.1145e-17    1.5340e-114    2.0282e-17    8.9973e-143    4.9222e-07    2.9469e-89    2.1556e-77    8.4225e-183    4.7781e-294    3.9561e-281    3.1095e-64    1.6543e-188    1.7642e-199    0.0000e+00    1.2656e-98    3.3928e-53    3.5363e-154    3.3465e-07    3.7881e-73    1.2032e-258    0.0000e+00    1.7403e-06    0.0000e+00    5.5341e-20    1.7897e-41    5.3433e-98    6.5870e-95    2.7450e-10    8.5194e-71    2.3065e-99    8.8750e-36    5.6042e-37    3.0213e-53    8.5610e-45    1.5745e-75    0.0000e+00    6.2764e-276    6.9021e-191    5.6888e-36    2.7843e-24    1.5770e-15    2.9891e-38    9.6428e-24    4.7064e-135    4.9288e-28    1.8216e-38    5.3310e-123    4.9558e-12    4.7158e-93    2.4598e-13    1.1782e-160    3.5661e-100    3.2182e-264    6.7022e-279    1.1820e-230    7.3607e-44    3.5904e-181    7.6435e-230    0.0000e+00    2.8310e-76    2.7741e-41    1.9326e-93    2.2735e-36    2.3227e-142    7.0760e-42    0.0000e+00    3.5268e-10    3.4017e-22    1.3394e-20    2.2474e-25    2.7924e-31    3.5389e-104    5.4936e-23    7.6693e-54    5.1970e-80    1.5954e-57    2.8560e-30    1.7418e-202    1.7476e-32    6.3501e-58    8.5029e-162    5.6750e-138    1.2608e-147
5.7050e-07    2.0688e-40    8.2006e-11    1.5710e-10    1.2310e-01    2.8700e-39    4.4068e-07    4.0311e-05    3.2746e-30    6.5443e-05    3.4214e-41    3.6419e-19    9.4469e-16    2.1980e-18    2.0324e-50    5.5062e-92    1.4066e-85    6.5158e-15    1.4035e-52    1.7067e-57    3.8915e-279    4.4568e-21    3.2174e-11    2.6331e-37    6.9395e-17    1.2240e-15    1.5933e-86    1.4425e-98    4.8274e-08    5.5341e-20    0.0000e+00    9.0662e-08    6.0345e-21    2.3899e-19    1.6074e-38    7.1547e-20    1.1091e-32    1.1001e-91    9.5568e-09    7.2632e-13    5.0847e-07    3.6797e-14    1.2090e-103    1.0916e-77    2.9717e-57    2.5508e-07    3.4816e-16    1.1813e-04    2.7769e-14    5.0820e-03    4.2958e-32    3.9933e-16    1.3829e-05    6.8656e-29    8.2881e-03    2.1238e-25    3.4654e-29    7.0846e-38    1.6781e-31    1.0066e-78    1.6948e-79    2.2497e-68    2.6477e-20    5.4489e-53    1.1682e-78    3.9819e-270    3.5595e-15    8.8356e-06    1.3659e-18    5.4135e-11    1.3700e-35    5.2506e-05    5.5243e-122    1.7993e-08    1.8534e-56    1.1315e-04    3.4512e-06    6.6975e-04    3.2691e-23    8.5526e-58    6.2711e-14    2.6745e-27    1.1912e-110    1.4416e-08    3.6515e-61    4.7910e-04    4.4234e-09    2.1975e-42    2.1805e-35    3.2013e-36
