0.0000e+00    2.3937e-07    1.9714e-35    1.5886e-12    1.2630e-25    6.3560e-13    1.7515e-06    2.2080e-31    1.0051e-94    4.6270e-12    5.0830e-87    2.1251e-09    9.3286e-67    2.9024e-88    6.0542e-143    5.9270e-118    1.4896e-78    3.8661e-179    1.8083e-108    2.7295e-135    0.0000e+00    5.8296e-66    2.8356e-48    9.0528e-152    1.3287e-12    5.0920e-20    1.0209e-53    3.4832e-178    6.1799e-04    1.3792e-09    1.7657e-16    1.1609e-18    3.8930e-14    5.2687e-51    2.1767e-03    3.7894e-24    2.4140e-32    4.2926e-27    3.1893e-12    3.5528e-102    3.2722e-44    7.3410e-33    4.0555e-34    2.0233e-101    2.3628e-81    1.3385e-16    1.7651e-07    1.3600e-26    9.0853e-07    3.1082e-26    3.4336e-11    6.5966e-07    9.2434e-26    1.9072e-118    7.0607e-17    2.8579e-84    5.6683e-09    8.3823e-85    1.6998e-97    2.9972e-175    3.9087e-116    7.1994e-72    5.0694e-57    6.2066e-95    2.8322e-234    0.0000e+00    6.3194e-57    3.0949e-48    4.1762e-120    1.4541e-08    1.9187e-17    1.2925e-26    1.5163e-161    2.9768e-02    7.2828e-30    2.1456e-11    3.7565e-27    7.5171e-17    2.3444e-69    1.4016e-15    1.6867e-17    1.7137e-24    4.0723e-30    2.4368e-12    2.9423e-205    1.2152e-37    4.1775e-28    1.9856e-38    8.5403e-87    2.9044e-71
2.3937e-07    0.0000e+00    1.5098e-31    1.1214e-06    5.2549e-18    7.7288e-10    8.0927e-05    1.5705e-23    2.7760e-104    4.1750e-05    2.1817e-90    1.6030e-03    2.9970e-68    4.2003e-82    3.9839e-188    8.9459e-150    1.7286e-105    1.6056e-234    8.8983e-137    5.4548e-161    0.0000e+00    5.4096e-76    1.0934e-41    1.5006e-191    7.0857e-10    4.3280e-20    4.1083e-58    1.0947e-234    3.0560e-09    1.0510e-19    6.2681e-10    9.3162e-21    1.2381e-11    2.3406e-72    1.2218e-10    1.9965e-37    1.9520e-44    1.7296e-33    1.9370e-21    2.9245e-120    1.5426e-47    3.1784e-41    4.5037e-35    9.2467e-139    3.3715e-101    1.1662e-11    1.0804e-06    8.5130e-22    2.7510e-04    1.0949e-17    2.2985e-08    8.0222e-05    7.7425e-19    2.5828e-149    2.6656e-14    5.4707e-88    1.6069e-04    4.4635e-99    2.6716e-90    3.7397e-230    6.9594e-147    1.8740e-96    1.7064e-82    2.4201e-128    1.5291e-275    0.0000e+00    5.3443e-72    1.3663e-56    9.6540e-152    8.7658e-15    8.3888e-17    2.8982e-35    1.3352e-213    3.7014e-09    3.1819e-34    9.9877e-10    4.5700e-29    7.6905e-15    1.8461e-88    3.8297e-37    5.4995e-32    3.7210e-35    1.1118e-42    1.6481e-19    1.6614e-264    5.5135e-38    2.7883e-28    9.9734e-41    1.2379e-117    2.4867e-91
1.9714e-35    1.5098e-31    0.0000e+00    1.5874e-15    5.8529e-04    5.4801e-24    1.3778e-18    1.8493e-04    4.4405e-67    5.8804e-12    2.3405e-46    7.8971e-24    1.2256e-37    8.2358e-26    4.0346e-209    7.3478e-124    3.5869e-115    2.3008e-307    2.5917e-116    4.4623e-95    3.0746e-303    1.9787e-102    4.7327e-16    1.1341e-225    1.5764e-18    1.0916e-11    1.6081e-14    1.1257e-302    1.6257e-23    4.8839e-49    1.0163e-06    6.4918e-08    8.4505e-09    3.4439e-95    6.6509e-33    5.5142e-24    5.8233e-80    1.9314e-109    2.7527e-26    4.7878e-103    6.4870e-23    1.5703e-37    7.9666e-15    5.6815e-153    9.5935e-83    2.3134e-44    3.9694e-33    1.7912e-03    1.6826e-32    1.5035e-08    1.6111e-14    3.5718e-53    3.1150e-11    8.9121e-187    8.1197e-07    4.1764e-40    5.2039e-35    8.0731e-67    4.3835e-29    1.5034e-271    8.8939e-127    3.9760e-108    3.9580e-105    3.1960e-150    6.1031e-117    0.0000e+00    1.5270e-113    2.0703e-44    9.1508e-173    4.1008e-19    3.7980e-16    3.0698e-31    8.5126e-277    8.9489e-25    1.3725e-97    1.5957e-13    2.7825e-21    7.7606e-11    6.6803e-91    2.6898e-43    8.9446e-39    2.6909e-74    2.7053e-136    2.5360e-20    8.2730e-297    1.7137e-20    5.1039e-28    4.5876e-23    2.5419e-128    4.0044e-86
1.5886e-12    1.1214e-06    1.5874e-15    0.0000e+00    1.0062e-05    4.3163e-03    2.4242e-09    3.9113e-08    9.7760e-66    1.1143e-05    8.2655e-49    9.1081e-05    4.2739e-37    2.3059e-40    5.8474e-168    7.5854e-108    1.4730e-83    1.4151e-242    2.1367e-109    4.2537e-104    0.0000e+00    2.5486e-82    1.3354e-16    2.2815e-180    1.0796e-16    1.6135e-05    6.0412e-26    2.5431e-237    1.5838e-12    6.6054e-33    6.1531e-09    1.8127e-07    1.4890e-02    9.0495e-68    7.2958e-17    1.5154e-18    7.3254e-39    4.9580e-63    1.4908e-12    3.5053e-81    1.8365e-24    1.1657e-24    1.2991e-14    5.6407e-121    6.5687e-70    2.2953e-31    1.8482e-06    2.8466e-07    4.7909e-05    4.3750e-05    3.4927e-03    5.1021e-11    1.1924e-05    3.3535e-145    1.8753e-04    6.9194e-48    3.2595e-05    6.4200e-63    4.6094e-47    3.3707e-217    1.7746e-109    2.9910e-76    1.2889e-78    6.9327e-123    4.7324e-174    0.0000e+00    6.1417e-77    5.4902e-42    5.5954e-138    2.5726e-17    1.9266e-04    4.6668e-21    3.7288e-213    2.9545e-10    1.1151e-67    1.0725e-01    1.3753e-11    6.5358e-03    1.8880e-74    1.4617e-37    4.3640e-21    7.8560e-34    3.1671e-67    1.5553e-08    2.0451e-243    2.2588e-19    3.3436e-13    2.1906e-17    2.5308e-97    2.9776e-67
1.2630e-25    5.2549e-18    5.8529e-04    1.0062e-05    0.0000e+00    2.7208e-10    1.4676e-15    7.0230e-02    1.8250e-55    5.6971e-08    5.5531e-37    4.9083e-12    9.1997e-29    5.5861e-22    1.4157e-168    5.0492e-104    2.4002e-89    2.2723e-241    5.9171e-96    7.3986e-83    2.7875e-273    1.9285e-78    8.7584e-10    1.7106e-177    8.9518e-20    1.9257e-05    5.6108e-13    4.2428e-239    6.8927e-20    1.5002e-47    3.3880e-07    3.6409e-05    1.2660e-03    4.8145e-72    4.1888e-28    7.2579e-19    1.1692e-51    1.9502e-93    9.0441e-18    3.7197e-83    4.6042e-18    1.9106e-26    8.3580e-10    3.6209e-123    1.0053e-66    5.9596e-42    1.0580e-17    6.0964e-02    1.0400e-16    2.5811e-02    5.8293e-07    1.7476e-28    6.2477e-04    9.8178e-145    1.0341e-03    6.3068e-33    5.1027e-17    6.5268e-54    2.3340e-25    6.0033e-218    9.1807e-105    1.1246e-82    3.1858e-81    4.8886e-118    7.2217e-115    0.0000e+00    1.0078e-81    2.7233e-35    1.4716e-134    1.4660e-21    3.3144e-07    3.5053e-22    2.0521e-217    9.0976e-20    1.3873e-90    1.2484e-05    4.0797e-12    6.7650e-04    5.3833e-71    9.7199e-45    4.8428e-28    4.0425e-47    8.6488e-106    3.7172e-13    3.2001e-241    2.7605e-14    5.8840e-16    2.9625e-14    1.4294e-101    1.1716e-66
6.3560e-13    7.7288e-10    5.4801e-24    4.3163e-03    2.7208e-10    0.0000e+00    1.5164e-13    8.8154e-12    5.1058e-51    2.6662e-09    2.8262e-43    1.4054e-04    1.9884e-29    1.6748e-46    2.7252e-99    3.3379e-78    4.0828e-48    2.2259e-122    1.1117e-70    2.1292e-88    1.5372e-270    8.5498e-39    2.0296e-16    1.4861e-98    4.6200e-28    2.7324e-05    5.3455e-28    1.0287e-123    1.5723e-16    2.3352e-39    1.5643e-15    3.5568e-08    5.6478e-05    3.4619e-31    2.3190e-19    2.5932e-15    5.6917e-16    5.7489e-73    1.8292e-07    1.1755e-57    6.3183e-19    3.1563e-12    4.1846e-12    2.1968e-69    1.5413e-46    6.1205e-49    5.9670e-03    2.8342e-11    1.8792e-03    3.6318e-06    2.3403e-02    3.6382e-08    3.3218e-05    2.5391e-73    1.9492e-07    2.1290e-43    3.2226e-03    4.5413e-47    2.5867e-52    1.3871e-124    1.9453e-74    3.5271e-42    2.9939e-37    2.0605e-63    3.5604e-169    0.0000e+00    1.2022e-31    2.1822e-25    9.2749e-74    9.7274e-23    3.5952e-03    1.5455e-11    4.0874e-110    3.4633e-12    2.5308e-85    1.0462e-02    7.3649e-08    2.3034e-05    1.5875e-39    6.2356e-41    2.3597e-11    2.0515e-13    7.7931e-68    3.9940e-06    1.6242e-148    1.8048e-13    6.4956e-06    5.1059e-14    1.1990e-55    2.1549e-39
1.7515e-06    8.0927e-05    1.3778e-18    2.4242e-09    1.4676e-15    1.5164e-13    0.0000e+00    3.6818e-21    3.1287e-95    8.5315e-04    3.0717e-82    5.2527e-06    2.5457e-63    2.5041e-72    2.7343e-162    3.9819e-133    1.0471e-97    5.7802e-191    1.8083e-106    2.0493e-130    0.0000e+00    2.9414e-58    1.8430e-41    5.6830e-162    3.1287e-03    8.9687e-19    2.0375e-43    3.2008e-197    9.4722e-06    5.3243e-14    9.6138e-05    9.8832e-15    3.3808e-09    3.4321e-58    1.6301e-07    4.6682e-29    4.2885e-45    2.0485e-35    7.7832e-18    1.8969e-120    1.6717e-39    2.9530e-38    5.6055e-30    8.1677e-120    2.1464e-90    1.2109e-08    5.8659e-10    1.3777e-15    9.8278e-09    7.5466e-19    2.2727e-08    1.2734e-11    1.5111e-20    1.6624e-126    4.0992e-10    2.1275e-74    3.8006e-10    8.6205e-86    1.0963e-78    5.1830e-196    1.6475e-129    4.7866e-90    9.9724e-66    4.7092e-98    9.0972e-202    0.0000e+00    3.7402e-60    7.1288e-44    3.7262e-128    9.0881e-05    2.3302e-17    4.0927e-30    2.7069e-181    7.9127e-06    8.7191e-32    4.4930e-10    9.9116e-28    1.0733e-14    2.0489e-71    1.6329e-21    6.0600e-28    4.4278e-35    3.9301e-50    2.1341e-16    1.4240e-225    7.3134e-33    2.4916e-30    9.9490e-38    2.2473e-105    1.2180e-80
2.2080e-31    1.5705e-23    1.8493e-04    3.9113e-08    7.0230e-02    8.8154e-12    3.6818e-21    0.0000e+00    2.9605e-55    2.3469e-11    4.5208e-33    3.9907e-16    2.0367e-27    1.3715e-15    4.9376e-202    6.3903e-111    1.9870e-103    1.3039e-310    5.1651e-115    2.2435e-85    1.2662e-305    1.4184e-107    1.5410e-06    6.8707e-221    7.5329e-27    7.6423e-06    1.0989e-10    2.8361e-302    2.3375e-24    4.9002e-55    6.8139e-11    1.4894e-06    6.4327e-06    2.6237e-93    8.2549e-33    1.6922e-20    1.4786e-62    3.0322e-108    1.8912e-22    4.8161e-83    2.6974e-18    2.6597e-29    1.1557e-09    2.2031e-147    9.0876e-73    5.6937e-53    2.2243e-21    2.8969e-02    8.9875e-21    3.0290e-02    4.1463e-09    9.6535e-32    5.5291e-04    1.4860e-183    1.1198e-05    6.2297e-31    9.0786e-21    2.7142e-57    1.0904e-19    2.0840e-266    2.7281e-115    9.6173e-96    1.5163e-104    1.6930e-153    5.6601e-112    0.0000e+00    1.3235e-109    3.2856e-44    5.5032e-168    2.4510e-27    7.1820e-09    6.6199e-27    2.0491e-273    3.2035e-24    4.4517e-105    6.5592e-08    1.2116e-13    2.5114e-05    6.8427e-89    1.4301e-52    5.7011e-33    7.9493e-58    3.7938e-117    6.2433e-16    4.4837e-290    5.3940e-16    8.7695e-17    1.1120e-14    2.2977e-119    2.8985e-77
1.0051e-94    2.7760e-104    4.4405e-67    9.7760e-66    1.8250e-55    5.1058e-51    3.1287e-95    2.9605e-55    0.0000e+00    6.9357e-83    8.6985e-05    5.0504e-70    2.3118e-04    6.5129e-32    6.4682e-24    1.3725e-09    6.2418e-14    9.4099e-50    3.0728e-13    4.7295e-03    1.6015e-44    1.0221e-49    1.4183e-21    6.4444e-27    5.0309e-160    1.3463e-34    1.4892e-16    1.0702e-46    1.9756e-103    3.9218e-164    6.1331e-93    1.2460e-39    7.1722e-52    4.9096e-29    6.0710e-112    2.1488e-31    3.0860e-43    7.4773e-281    1.5542e-41    1.1904e-09    2.9561e-12    1.1422e-16    9.8525e-19    6.1903e-18    2.8397e-04    1.3936e-269    2.2206e-64    2.9030e-44    2.0582e-71    3.9265e-41    9.2935e-50    7.2523e-103    7.0561e-33    2.6597e-25    3.8429e-46    4.1348e-04    4.4796e-72    5.9468e-02    1.6891e-17    5.7507e-37    5.1073e-09    6.2508e-15    6.7427e-30    8.4679e-32    1.8919e-08    1.0719e-58    1.7058e-43    4.0814e-19    1.1848e-19    3.3634e-98    2.0309e-35    1.8278e-21    3.5166e-41    7.0011e-84    0.0000e+00    4.8412e-53    3.6330e-22    1.4285e-49    6.1204e-16    1.7423e-103    2.7194e-36    4.2186e-53    1.4438e-235    1.1368e-41    9.1842e-42    9.0554e-17    1.3414e-22    9.0647e-17    1.8349e-14    3.7760e-08
4.6270e-12    4.1750e-05    5.8804e-12    1.1143e-05    5.6971e-08    2.6662e-09    8.5315e-04    2.3469e-11    6.9357e-83    0.0000e+00    6.3686e-68    6.1405e-04    4.0172e-51    1.0330e-53    1.0057e-187    6.4775e-132    5.0886e-104    2.2469e-254    1.0296e-117    5.5658e-123    0.0000e+00    1.4225e-79    6.6239e-28    3.8446e-197    5.3277e-07    4.2596e-13    9.4704e-34    6.8804e-253    3.0572e-09    1.1050e-24    1.9018e-02    3.5085e-11    2.1580e-06    6.2594e-75    1.9229e-12    2.6543e-28    7.6376e-51    1.2047e-53    2.3187e-19    1.1165e-110    1.0262e-31    2.7209e-34    1.7568e-22    3.6203e-136    1.5896e-87    1.0077e-16    4.5897e-09    3.8374e-09    7.0407e-08    2.2378e-09    1.1049e-04    2.0388e-11    2.6007e-11    2.6004e-156    3.1287e-06    9.6002e-62    2.5592e-08    2.1527e-79    1.3172e-58    2.8590e-237    1.4999e-131    5.8252e-96    1.9407e-84    6.8291e-129    1.3788e-187    0.0000e+00    1.1110e-81    1.4527e-44    3.9505e-153    2.6960e-10    6.6379e-13    1.1427e-28    2.3674e-231    2.6643e-10    7.9672e-48    3.1970e-07    2.2241e-22    4.4415e-10    3.6539e-82    1.4276e-34    2.4116e-30    2.5571e-41    4.7643e-68    2.8851e-16    1.1827e-266    7.1238e-26    5.1050e-23    1.9476e-30    2.4324e-115    6.1242e-84
5.0830e-87    2.1817e-90    2.3405e-46    8.2655e-49    5.5531e-37    2.8262e-43    3.0717e-82    4.5208e-33    8.6985e-05    6.3686e-68    0.0000e+00    7.4485e-64    3.4010e-03    3.5720e-15    6.2056e-49    1.4057e-20    8.3343e-25    1.0177e-91    3.8863e-29    9.8267e-11    2.9258e-82    6.1678e-62    5.9516e-11    2.6000e-55    3.5636e-121    1.0389e-25    5.7995e-11    1.7349e-86    3.4864e-88    7.9854e-142    1.2338e-70    2.7239e-29    5.0763e-38    2.9402e-40    4.1343e-99    8.1360e-26    5.2632e-49    1.5251e-247    4.3991e-37    4.5670e-14    2.4759e-10    4.3739e-18    2.6753e-13    3.4489e-37    2.3552e-11    7.7740e-205    5.1383e-61    1.3232e-30    2.5849e-66    6.0429e-29    3.1299e-43    3.7024e-98    1.2357e-24    5.0606e-50    1.2893e-36    3.7977e-02    4.7904e-67    1.6957e-06    1.1981e-09    1.6304e-70    6.5001e-21    5.4913e-25    6.4401e-44    2.0061e-52    4.9254e-18    9.5294e-102    6.5206e-57    8.1806e-24    4.8281e-41    7.2623e-86    2.1160e-27    1.2979e-21    6.4756e-77    4.5688e-74    2.8639e-294    6.0717e-40    3.5947e-17    1.2678e-35    3.9046e-27    4.9513e-99    2.6905e-35    2.5200e-58    4.0928e-222    2.3807e-34    3.3966e-77    4.1868e-14    2.0303e-20    2.2964e-11    9.6226e-29    9.5095e-16
2.1251e-09    1.6030e-03    7.8971e-24    9.1081e-05    4.9083e-12    1.4054e-04    5.2527e-06    3.9907e-16    5.0504e-70    6.1405e-04    7.4485e-64    0.0000e+00    2.6895e-44    1.4036e-63    5.6203e-112    1.1240e-101    4.2156e-63    2.2383e-126    7.1877e-81    2.9368e-112    3.9011e-293    9.3851e-36    3.2296e-28    3.5215e-108    3.0010e-16    5.5930e-12    7.2008e-40    1.2579e-130    1.1160e-11    2.7610e-29    7.3865e-09    1.9579e-12    4.7167e-07    2.0918e-34    1.3195e-14    2.7120e-25    1.9355e-22    2.1209e-53    3.3349e-12    1.3933e-85    4.6332e-28    1.0483e-21    1.3521e-20    9.8338e-80    1.5393e-63    4.9323e-28    6.4984e-03    5.5608e-14    1.4898e-02    6.7616e-10    5.2932e-03    1.6377e-05    7.3272e-10    6.7493e-78    1.0876e-08    5.1368e-60    3.1945e-02    4.0397e-64    9.5659e-68    1.1303e-135    5.8931e-96    7.5973e-57    4.5302e-40    2.9202e-67    1.2837e-202    0.0000e+00    1.5839e-31    5.2961e-29    1.2387e-84    3.1632e-16    3.2456e-09    5.3256e-18    2.9065e-119    2.5921e-10    3.0000e-58    6.6496e-06    1.1784e-16    4.1246e-10    3.2170e-46    7.4228e-37    7.3498e-19    4.7875e-16    4.6325e-59    2.5008e-12    3.4823e-163    8.5678e-21    1.0336e-14    1.1943e-25    6.3365e-69    1.6287e-53
9.3286e-67    2.9970e-68    1.2256e-37    4.2739e-37    9.1997e-29    1.9884e-29    2.5457e-63    2.0367e-27    2.3118e-04    4.0172e-51    3.4010e-03    2.6895e-44    0.0000e+00    4.1297e-16    2.6927e-37    6.5531e-21    1.6087e-18    1.6346e-62    4.0633e-17    1.7837e-11    4.1759e-73    2.8049e-39    1.1433e-07    1.2296e-37    1.7684e-103    6.9364e-17    1.5646e-06    5.0083e-62    5.8303e-70    1.0215e-119    4.3966e-57    3.2811e-21    1.8789e-28    6.9192e-24    1.7019e-78    1.4003e-19    2.6480e-31    3.1756e-210    4.9765e-26    2.8420e-17    5.5803e-05    2.2521e-09    3.8350e-07    1.9487e-26    2.2609e-08    8.5963e-179    8.1603e-42    1.8662e-22    5.7394e-46    5.8390e-20    9.5150e-29    6.9958e-71    3.2118e-15    5.0685e-31    2.1448e-25    7.5249e-02    3.0316e-46    4.3700e-04    3.6630e-09    1.5487e-53    7.7257e-19    1.6123e-17    2.7412e-26    3.6320e-32    6.8080e-23    3.5341e-94    3.4274e-34    1.2031e-11    1.9679e-26    1.0990e-68    4.0351e-18    3.5707e-12    9.4260e-55    4.0400e-57    1.1388e-255    1.2638e-29    7.1243e-10    3.2557e-26    7.1264e-15    2.2525e-81    7.7796e-25    4.4114e-38    4.8424e-186    6.0562e-25    2.5606e-62    1.5203e-06    5.9574e-11    3.4398e-06    8.4028e-21    2.0246e-09
2.9024e-88    4.2003e-82    8.2358e-26    2.3059e-40    5.5861e-22    1.6748e-46    2.5041e-72    1.3715e-15    6.5129e-32    1.0330e-53    3.5720e-15    1.4036e-63    4.1297e-16    0.0000e+00    4.0978e-160    3.6196e-78    2.1991e-85    3.9288e-268    5.1434e-92    2.4535e-51    1.9979e-215    9.5811e-121    6.0969e-06    3.0035e-179    4.1207e-83    2.2843e-22    1.0596e-10    1.1863e-256    4.1098e-75    2.5929e-124    1.1955e-50    1.2491e-27    7.9274e-33    2.1797e-97    6.2412e-89    5.4061e-35    1.5083e-88    1.8200e-222    8.1462e-48    1.8915e-53    1.6202e-21    2.2167e-37    2.9153e-17    9.9898e-122    2.9562e-53    1.9851e-138    6.0821e-69    6.2039e-21    1.3221e-69    1.4533e-20    6.1680e-42    1.4385e-105    6.9313e-21    4.1590e-157    1.5748e-30    1.0416e-16    1.7691e-71    5.1902e-38    3.7960e-03    8.2937e-216    1.8606e-82    1.2273e-81    3.5851e-106    2.3040e-141    9.0124e-59    2.7759e-249    2.1587e-122    1.7136e-47    1.9148e-138    3.5499e-76    6.2463e-29    1.6139e-38    1.4073e-231    4.6716e-70    1.6156e-227    1.5354e-36    5.4214e-24    6.2428e-27    8.7711e-82    5.2115e-102    5.7035e-54    1.0208e-95    1.8536e-231    4.9680e-40    4.9352e-230    3.6965e-22    1.0568e-30    5.3916e-17    1.9027e-98    4.1455e-62
6.0542e-143    3.9839e-188    4.0346e-209    5.8474e-168    1.4157e-168    2.7252e-99    2.7343e-162    4.9376e-202    6.4682e-24    1.0057e-187    6.2056e-49    5.6203e-112    2.6927e-37    4.0978e-160    0.0000e+00    3.3555e-12    8.3022e-10    3.3134e-10    2.5890e-12    1.2984e-15    2.6165e-19    3.0407e-56    1.9147e-94    8.0110e-05    0.0000e+00    9.5349e-87    7.1562e-76    2.7957e-06    7.8525e-198    3.5953e-308    3.7106e-236    1.6279e-103    1.3314e-130    1.5136e-25    8.9513e-204    1.3434e-69    7.7100e-44    0.0000e+00    1.2338e-64    1.5480e-24    3.3486e-52    1.6479e-37    2.9859e-57    9.6529e-04    3.3984e-14    0.0000e+00    3.7141e-97    1.7142e-136    1.1389e-105    1.3278e-123    7.0924e-99    4.4075e-140    4.1753e-91    2.4278e-09    1.2237e-115    7.5722e-42    4.5654e-106    1.9965e-18    6.7227e-100    1.7819e-02    1.8432e-06    1.4004e-11    3.6918e-24    1.5988e-20    1.6227e-21    1.1961e-29    3.1612e-41    1.1870e-35    3.3424e-07    2.5506e-178    2.6708e-83    8.8412e-43    1.9677e-05    9.1180e-139    0.0000e+00    7.8838e-133    7.4378e-59    7.3766e-121    1.1476e-18    7.7860e-121    2.4598e-52    1.6108e-53    5.8115e-291    1.1239e-79    2.1005e-04    1.4651e-47    5.1760e-56    4.8019e-50    3.1547e-06    3.1160e-12
5.9270e-118    8.9459e-150    7.3478e-124    7.5854e-108    5.0492e-104    3.3379e-78    3.9819e-133    6.3903e-111    1.3725e-09    6.4775e-132    1.4057e-20    1.1240e-101    6.5531e-21    3.6196e-78    3.3555e-12    0.0000e+00    5.8401e-08    6.7329e-46    1.1277e-18    7.9587e-05    3.1656e-36    5.1370e-73    9.4632e-54    6.2072e-25    3.9236e-249    3.7990e-60    2.3617e-40    5.0933e-37    2.9684e-144    1.6857e-216    1.7382e-152    1.1927e-65    4.3815e-85    3.9149e-34    6.5624e-150    2.5933e-42    4.9177e-52    0.0000e+00    1.4817e-53    3.4072e-06    3.3225e-29    1.5165e-27    4.8094e-40    9.9871e-10    8.1691e-05    0.0000e+00    1.8060e-87    2.7104e-83    2.4593e-98    5.4820e-80    6.2026e-78    4.9412e-135    2.0884e-64    2.2748e-28    1.1812e-77    7.8006e-21    1.3726e-100    7.1464e-09    1.0009e-51    7.2316e-23    1.7771e-02    5.7751e-11    1.5017e-34    1.1418e-37    4.7664e-11    1.0358e-49    1.1898e-58    4.1523e-36    1.9528e-21    1.4059e-131    1.9484e-58    3.4352e-33    8.5772e-32    3.4130e-109    0.0000e+00    4.5134e-85    8.2848e-40    1.6998e-83    2.8005e-23    2.7306e-112    2.0750e-42    4.6168e-64    4.9412e-266    3.9634e-57    1.6261e-24    1.0793e-37    8.0644e-41    2.0305e-35    1.3102e-07    4.2884e-10
1.4896e-78    1.7286e-105    3.5869e-115    1.4730e-83    2.4002e-89    4.0828e-48    1.0471e-97    1.9870e-103    6.2418e-14    5.0886e-104    8.3343e-25    4.2156e-63    1.6087e-18    2.1991e-85    8.3022e-10    5.8401e-08    0.0000e+00    4.9464e-27    5.5368e-16    4.2598e-16    8.7681e-72    9.6230e-45    1.5093e-47    6.0556e-16    1.3378e-217    1.8950e-42    4.0040e-38    3.1021e-22    1.3787e-111    3.7855e-180    1.7840e-131    2.8715e-51    9.4226e-66    6.3377e-14    2.6371e-115    1.6007e-30    3.1199e-17    1.0740e-277    1.2945e-30    1.7051e-10    2.0583e-23    9.5225e-14    4.8261e-29    1.1061e-04    1.2124e-04    0.0000e+00    3.6220e-49    4.1052e-71    1.0558e-56    2.0618e-63    1.9147e-51    2.2732e-76    1.8603e-46    3.1281e-14    2.9651e-59    3.4579e-23    8.5709e-57    1.7445e-09    4.2606e-57    1.2623e-17    7.9391e-07    3.0823e-01    2.5877e-15    6.8680e-21    1.8992e-42    2.4402e-98    5.4961e-27    3.1204e-23    1.3818e-11    1.6455e-104    2.3535e-38    1.0012e-17    1.9543e-17    1.8903e-77    0.0000e+00    5.5949e-64    1.1829e-24    1.8470e-62    2.9367e-12    1.6127e-81    6.7751e-22    6.3625e-24    4.6993e-184    6.1547e-37    3.7725e-24    9.0033e-26    1.1003e-22    1.3467e-23    1.2884e-01    6.2738e-04
3.8661e-179    1.6056e-234    2.3008e-307    1.4151e-242    2.2723e-241    2.2259e-122    5.7802e-191    1.3039e-310    9.4099e-50    2.2469e-254    1.0177e-91    2.2383e-126    1.6346e-62    3.9288e-268    3.3134e-10    6.7329e-46    4.9464e-27    0.0000e+00    1.3716e-13    6.3725e-42    3.8316e-32    1.4994e-36    6.0989e-147    3.2588e-04    0.0000e+00    2.2593e-120    1.4246e-123    1.7408e-02    4.9367e-266    0.0000e+00    0.0000e+00    3.4435e-148    5.8318e-183    2.3645e-20    4.2660e-263    2.7031e-103    8.9967e-44    0.0000e+00    1.2043e-75    3.5678e-60    8.2176e-91    2.4046e-53    2.2289e-75    2.2919e-13    5.1391e-39    0.0000e+00    1.3000e-111    1.7275e-198    1.1612e-115    5.8467e-177    1.9338e-121    2.5777e-155    2.4769e-123    2.0718e-05    2.9449e-164    1.7979e-74    3.9700e-113    4.3373e-38    3.6872e-177    7.9095e-07    1.6148e-24    3.1439e-26    3.6582e-18    8.6001e-11    8.9120e-45    2.5639e-44    1.0808e-27    1.2973e-32    5.6386e-06    3.5317e-232    8.0822e-115    1.3301e-57    3.7513e-03    1.5635e-173    0.0000e+00    2.9013e-190    1.4373e-85    2.9217e-161    2.2936e-16    3.7952e-124    5.5058e-65    1.3418e-51    1.5464e-321    2.7010e-103    3.5650e-12    5.7207e-52    2.0707e-79    1.1364e-64    2.0684e-17    3.2152e-21
1.8083e-108    8.8983e-137    2.5917e-116    2.1367e-109    5.9171e-96    1.1117e-70    1.8083e-106    5.1651e-115    3.0728e-13    1.0296e-117    3.8863e-29    7.1877e-81    4.0633e-17    5.1434e-92    2.5890e-12    1.1277e-18    5.5368e-16    1.3716e-13    0.0000e+00    4.2735e-12    4.0721e-31    4.4643e-27    5.9445e-51    1.6319e-08    8.9236e-231    2.9696e-49    1.2913e-36    7.3114e-17    1.7027e-130    9.9131e-213    7.7821e-142    4.6562e-58    6.7081e-79    2.2658e-15    7.1959e-140    2.9150e-41    1.0809e-46    0.0000e+00    2.5195e-42    1.8512e-29    5.3064e-25    1.4125e-21    3.5648e-26    1.7098e-08    3.0656e-10    0.0000e+00    1.6484e-77    2.6637e-75    1.7611e-83    1.9548e-71    1.1049e-62    4.0689e-123    6.8463e-52    1.7214e-07    4.1978e-67    6.0583e-21    7.4056e-86    1.0321e-08    4.1379e-56    2.9891e-17    3.8971e-11    1.7711e-16    1.6027e-12    1.0200e-06    3.9582e-17    7.7625e-46    8.7691e-29    3.7616e-10    3.6884e-05    4.5198e-114    7.0931e-52    4.4720e-23    3.6587e-16    3.9768e-95    0.0000e+00    1.5960e-84    3.1317e-34    5.9105e-72    2.6334e-05    8.7382e-86    5.2971e-37    1.2996e-54    2.8875e-268    7.4117e-51    1.4286e-24    3.8695e-19    1.8493e-36    5.8713e-25    2.6236e-11    4.9079e-07
2.7295e-135    5.4548e-161    4.4623e-95    4.2537e-104    7.3986e-83    2.1292e-88    2.0493e-130    2.2435e-85    4.7295e-03    5.5658e-123    9.8267e-11    2.9368e-112    1.7837e-11    2.4535e-51    1.2984e-15    7.9587e-05    4.2598e-16    6.3725e-42    4.2735e-12    0.0000e+00    2.9156e-29    4.0702e-63    2.9956e-38    2.7051e-21    5.8419e-215    8.3426e-54    2.4516e-27    1.0734e-37    5.2331e-142    5.8773e-216    5.4856e-130    9.0503e-57    5.4821e-77    1.6079e-37    5.1153e-156    1.6604e-41    5.8507e-78    0.0000e+00    2.3695e-58    2.1274e-10    1.4037e-21    1.4746e-30    6.6968e-31    3.1883e-14    1.5472e-04    0.0000e+00    9.7765e-109    1.8850e-66    1.9612e-118    7.5159e-68    4.5407e-80    8.1704e-174    8.3029e-57    1.1411e-25    5.5249e-69    4.9796e-10    9.2060e-123    8.5353e-04    2.1408e-30    5.7464e-26    4.3330e-04    4.4109e-20    1.3028e-36    4.5365e-32    2.2903e-03    2.6968e-40    5.2023e-64    6.0947e-27    1.9830e-17    4.1406e-125    1.7197e-57    3.0189e-33    2.4753e-34    2.4508e-115    0.0000e+00    1.9166e-82    2.0453e-37    1.8327e-74    2.8681e-19    4.5532e-118    1.5397e-51    7.6458e-93    0.0000e+00    1.8471e-59    2.4025e-28    2.1242e-28    5.6881e-45    3.2713e-28    6.1865e-14    5.3220e-10
0.0000e+00    0.0000e+00    3.0746e-303    0.0000e+00    2.7875e-273    1.5372e-270    0.0000e+00    1.2662e-305    1.6015e-44    0.0000e+00    2.9258e-82    3.9011e-293    4.1759e-73    1.9979e-215    2.6165e-19    3.1656e-36    8.7681e-72    3.8316e-32    4.0721e-31    2.9156e-29    0.0000e+00    2.5488e-122    9.4079e-159    2.2240e-21    0.0000e+00    3.5326e-190    2.1507e-129    2.8739e-28    0.0000e+00    0.0000e+00    0.0000e+00    1.5347e-203    1.5859e-260    1.6295e-108    0.0000e+00    4.8070e-168    1.2805e-221    0.0000e+00    5.5416e-192    5.0991e-67    1.4447e-106    2.6107e-122    2.2214e-122    2.4631e-37    5.0538e-49    0.0000e+00    1.7218e-303    1.1303e-229    9.0414e-322    8.0878e-227    1.6701e-238    0.0000e+00    1.2336e-189    9.5013e-42    3.1187e-229    2.6592e-71    0.0000e+00    1.6294e-46    8.5616e-134    3.0438e-16    8.3220e-28    3.2097e-83    3.0806e-94    8.9689e-62    9.4004e-22    7.1781e-02    9.6193e-153    1.5833e-79    6.9669e-34    0.0000e+00    1.1972e-206    8.1842e-129    7.9994e-38    9.9702e-321    0.0000e+00    1.0484e-283    2.0942e-154    2.9023e-245    7.3569e-61    8.2455e-269    5.1749e-177    2.3886e-246    0.0000e+00    2.7298e-209    3.8979e-10    1.1598e-105    2.7850e-166    8.0360e-121    1.6496e-54    6.0284e-58
5.8296e-66    5.4096e-76    1.9787e-102    2.5486e-82    1.9285e-78    8.5498e-39    2.9414e-58    1.4184e-107    1.0221e-49    1.4225e-79    6.1678e-62    9.3851e-36    2.8049e-39    9.5811e-121    3.0407e-56    5.1370e-73    9.6230e-45    1.4994e-36    4.4643e-27    4.0702e-63    2.5488e-122    0.0000e+00    2.5759e-61    1.3907e-40    1.4600e-161    3.6508e-43    1.0862e-52    1.4709e-47    1.4043e-94    1.4850e-154    4.5999e-108    2.7409e-49    7.6008e-59    1.9437e-11    4.3637e-93    1.0075e-44    1.1883e-24    7.7403e-185    7.7943e-27    1.0357e-76    4.0256e-40    3.5783e-25    2.9519e-28    5.4738e-41    1.0910e-45    5.4314e-267    3.5671e-35    2.2032e-64    2.4440e-36    1.8246e-58    1.7555e-34    1.3535e-54    4.2982e-40    2.8075e-24    9.1840e-53    7.3328e-48    3.7723e-34    4.9279e-40    7.0939e-91    1.3510e-61    1.7862e-57    9.1567e-41    3.3160e-12    1.1667e-13    4.8958e-90    4.9907e-156    1.3682e-06    3.2011e-09    6.9207e-29    1.4622e-79    5.2762e-40    1.3505e-22    2.9946e-46    1.0964e-61    2.9354e-307    1.0442e-63    5.1272e-34    1.8395e-54    5.4759e-13    2.2313e-55    1.8225e-29    1.2633e-22    1.0941e-153    5.0152e-37    2.0175e-79    3.0045e-16    1.1699e-31    1.5263e-29    1.1295e-39    8.1493e-30
2.8356e-48    1.0934e-41    4.7327e-16    1.3354e-16    8.7584e-10    2.0296e-16    1.8430e-41    1.5410e-06    1.4183e-21    6.6239e-28    5.9516e-11    3.2296e-28    1.1433e-07    6.0969e-06    1.9147e-94    9.4632e-54    1.5093e-47    6.0989e-147    5.9445e-51    2.9956e-38    9.4079e-159    2.5759e-61    0.0000e+00    2.8556e-99    7.6512e-57    2.3239e-07    1.0825e-04    6.6967e-145    5.7059e-45    1.8422e-84    5.9604e-30    2.0444e-11    1.3960e-13    2.3027e-46    1.9606e-53    2.5696e-17    1.8244e-37    1.2573e-152    1.1228e-21    6.2807e-39    3.4322e-08    2.2293e-14    9.3471e-05    2.8876e-69    6.8187e-31    1.7987e-99    6.7458e-29    1.6801e-08    4.2597e-30    2.8749e-06    1.6222e-16    6.7858e-48    1.6573e-05    2.7325e-82    4.9258e-13    2.2122e-10    6.6259e-30    4.9392e-22    1.7288e-07    5.8355e-127    7.2312e-53    2.1005e-43    2.5823e-52    3.3404e-73    1.6964e-57    7.0842e-193    9.0073e-57    1.1973e-21    2.7195e-74    1.2948e-48    1.5054e-09    1.2914e-15    2.9789e-129    1.9540e-39    1.7998e-165    1.7801e-14    2.6578e-07    7.9377e-11    3.9019e-40    4.4712e-70    1.6329e-25    1.4646e-40    1.1237e-147    1.0519e-17    2.0450e-141    4.2140e-07    5.0526e-09    5.0928e-05    2.6167e-55    7.7502e-32
9.0528e-152    1.5006e-191    1.1341e-225    2.2815e-180    1.7106e-177    1.4861e-98    5.6830e-162    6.8707e-221    6.4444e-27    3.8446e-197    2.6000e-55    3.5215e-108    1.2296e-37    3.0035e-179    8.0110e-05    6.2072e-25    6.0556e-16    3.2588e-04    1.6319e-08    2.7051e-21    2.2240e-21    1.3907e-40    2.8556e-99    0.0000e+00    0.0000e+00    4.3032e-89    6.8255e-84    1.7439e-04    1.0720e-211    0.0000e+00    3.3897e-253    3.4604e-111    3.2247e-138    2.5547e-21    7.1065e-216    2.2823e-78    3.3860e-41    0.0000e+00    3.3989e-65    9.4942e-35    8.2656e-60    6.5187e-39    1.1926e-54    2.4226e-08    8.0393e-21    0.0000e+00    1.5430e-96    2.8890e-145    2.0989e-101    1.1625e-128    3.6720e-98    2.7645e-139    1.0541e-90    1.0789e-03    4.5926e-123    4.2800e-45    2.3871e-100    2.2895e-20    8.4234e-113    8.1290e-05    4.6443e-12    4.4855e-16    4.9660e-20    2.3585e-13    9.2500e-25    2.2987e-31    2.8958e-30    7.8554e-28    1.6757e-02    2.0653e-190    4.7683e-86    4.6936e-44    7.4704e-04    8.3391e-145    0.0000e+00    9.2059e-143    3.3105e-61    1.6593e-122    7.9757e-14    3.1654e-123    1.5963e-55    3.9399e-51    4.2810e-298    3.2647e-83    1.3765e-08    3.8521e-40    1.9078e-57    4.0566e-46    9.0248e-11    3.5547e-12
1.3287e-12    7.0857e-10    1.5764e-18    1.0796e-16    8.9518e-20    4.6200e-28    3.1287e-03    7.5329e-27    5.0309e-160    5.3277e-07    3.5636e-121    3.0010e-16    1.7684e-103    4.1207e-83    0.0000e+00    3.9236e-249    1.3378e-217    0.0000e+00    8.9236e-231    5.8419e-215    0.0000e+00    1.4600e-161    7.6512e-57    0.0000e+00    0.0000e+00    3.7607e-31    2.7852e-60    0.0000e+00    4.8360e-06    5.4397e-12    2.7711e-05    5.3182e-25    8.4959e-17    1.4443e-165    5.9523e-09    1.4951e-51    6.4081e-115    5.9255e-36    7.4721e-42    2.0633e-205    1.5793e-71    3.8449e-83    2.7585e-51    7.0142e-284    4.4815e-179    4.2171e-05    1.6495e-26    4.1530e-22    1.9443e-21    1.0347e-27    1.1509e-19    3.5607e-23    6.4265e-33    0.0000e+00    9.5583e-18    2.5616e-113    6.7521e-24    2.9703e-156    1.1430e-92    0.0000e+00    1.8305e-252    3.1788e-202    1.0498e-182    3.4501e-257    1.9441e-276    0.0000e+00    3.9253e-176    3.7907e-101    3.6253e-306    1.9957e-04    7.3933e-33    4.1628e-70    0.0000e+00    3.3051e-10    2.4836e-27    3.3617e-19    1.1069e-52    7.7272e-22    2.1563e-176    7.8566e-27    3.5701e-64    1.8138e-97    5.7148e-56    1.9768e-33    0.0000e+00    5.8560e-62    4.2887e-60    2.3956e-63    6.3000e-242    1.5628e-175
5.0920e-20    4.3280e-20    1.0916e-11    1.6135e-05    1.9257e-05    2.7324e-05    8.9687e-19    7.6423e-06    1.3463e-34    4.2596e-13    1.0389e-25    5.5930e-12    6.9364e-17    2.2843e-22    9.5349e-87    3.7990e-60    1.8950e-42    2.2593e-120    2.9696e-49    8.3426e-54    3.5326e-190    3.6508e-43    2.3239e-07    4.3032e-89    3.7607e-31    0.0000e+00    7.1414e-09    1.0306e-121    3.4034e-19    1.9369e-46    8.0912e-16    8.3961e-03    2.3989e-03    1.1805e-29    1.5618e-24    7.6833e-07    2.2079e-21    4.2631e-96    5.1387e-06    2.8344e-49    1.1508e-09    2.6360e-09    5.9753e-04    2.5388e-60    3.5307e-34    9.9263e-61    3.5573e-11    1.9435e-04    1.1011e-11    6.1983e-04    9.5963e-05    9.2618e-23    3.7666e-03    4.5091e-70    8.4813e-04    1.8886e-23    1.5859e-12    1.5383e-29    2.0817e-26    3.3650e-113    1.5458e-57    1.3644e-37    2.2845e-34    6.8753e-55    2.2978e-92    6.7427e-239    4.0197e-37    1.5543e-16    7.4863e-66    1.3767e-22    1.1681e-01    3.5967e-07    2.6503e-108    8.5087e-15    5.3135e-106    3.5683e-03    5.8809e-03    4.9147e-02    1.2639e-32    1.6294e-35    6.3571e-10    5.1105e-21    5.9523e-93    4.9576e-04    6.8028e-132    1.7163e-06    1.8736e-05    9.7688e-05    8.1771e-49    8.4710e-30
1.0209e-53    4.1083e-58    1.6081e-14    6.0412e-26    5.6108e-13    5.3455e-28    2.0375e-43    1.0989e-10    1.4892e-16    9.4704e-34    5.7995e-11    7.2008e-40    1.5646e-06    1.0596e-10    7.1562e-76    2.3617e-40    4.0040e-38    1.4246e-123    1.2913e-36    2.4516e-27    2.1507e-129    1.0862e-52    1.0825e-04    6.8255e-84    2.7852e-60    7.1414e-09    0.0000e+00    6.2266e-121    8.4398e-47    1.0727e-84    1.8205e-31    1.0509e-08    1.7124e-15    4.0877e-37    2.0397e-56    1.2973e-10    8.0425e-48    6.8110e-174    6.1388e-19    2.6476e-35    1.0572e-03    3.6563e-12    4.6381e-03    5.7167e-52    1.6993e-21    1.0916e-115    7.4220e-42    1.0496e-08    7.2481e-45    4.2033e-12    1.3714e-21    8.2589e-76    9.0615e-11    2.0123e-69    6.1625e-13    5.3129e-08    6.6340e-48    3.1188e-15    1.7962e-10    5.5577e-105    3.3435e-40    1.4661e-36    1.1701e-40    1.1586e-56    4.6115e-41    3.5543e-161    2.9564e-55    4.9853e-14    5.7558e-61    7.9372e-42    8.2921e-13    8.1403e-11    3.2702e-109    9.9122e-40    1.1988e-187    6.5200e-19    9.2474e-08    1.1852e-14    4.1139e-29    3.2551e-56    2.1814e-21    2.9631e-52    1.2121e-178    6.8862e-16    2.2037e-118    6.1807e-05    8.6302e-14    4.3031e-05    2.7101e-42    1.1604e-23
3.4832e-178    1.0947e-234    1.1257e-302    2.5431e-237    4.2428e-239    1.0287e-123    3.2008e-197    2.8361e-302    1.0702e-46    6.8804e-253    1.7349e-86    1.2579e-130    5.0083e-62    1.1863e-256    2.7957e-06    5.0933e-37    3.1021e-22    1.7408e-02    7.3114e-17    1.0734e-37    2.8739e-28    1.4709e-47    6.6967e-145    1.7439e-04    0.0000e+00    1.0306e-121    6.2266e-121    0.0000e+00    8.0128e-264    0.0000e+00    0.0000e+00    2.3022e-147    1.0829e-181    1.1599e-24    1.0460e-261    2.0919e-101    4.0746e-44    0.0000e+00    1.4257e-78    6.4507e-51    2.8349e-88    1.1411e-53    7.4744e-80    2.5219e-10    9.2246e-35    0.0000e+00    3.3260e-113    1.2206e-196    1.0313e-119    1.6297e-175    2.2396e-124    7.2358e-156    6.2802e-125    2.3204e-07    2.2584e-163    4.4917e-72    6.7091e-117    1.7840e-36    1.2721e-168    6.8029e-03    3.3325e-20    1.4581e-22    1.6005e-22    1.2942e-16    1.5229e-42    2.4761e-39    1.8330e-34    9.1201e-40    2.8750e-07    8.1227e-233    6.1026e-115    6.3606e-59    1.0394e-01    1.5506e-175    0.0000e+00    8.0443e-187    1.9194e-85    3.2806e-163    2.4532e-20    1.7375e-131    8.9036e-66    1.3335e-52    1.9659e-319    2.1831e-104    1.4531e-06    1.1061e-58    9.2133e-79    1.3201e-68    9.7558e-14    3.2068e-21
6.1799e-04    3.0560e-09    1.6257e-23    1.5838e-12    6.8927e-20    1.5723e-16    9.4722e-06    2.3375e-24    1.9756e-103    3.0572e-09    3.4864e-88    1.1160e-11    5.8303e-70    4.1098e-75    7.8525e-198    2.9684e-144    1.3787e-111    4.9367e-266    1.7027e-130    5.2331e-142    0.0000e+00    1.4043e-94    5.7059e-45    1.0720e-211    4.8360e-06    3.4034e-19    8.4398e-47    8.0128e-264    0.0000e+00    8.4630e-08    1.8163e-10    5.5661e-17    5.4521e-13    4.7081e-80    1.5619e-02    7.7770e-27    9.8826e-54    1.3540e-32    3.8567e-18    5.6310e-125    1.6029e-46    8.7274e-43    7.2203e-34    1.1236e-143    9.5789e-101    1.0349e-09    2.2702e-13    3.4241e-21    2.3705e-11    2.7880e-23    3.2398e-12    2.0375e-12    2.3538e-24    1.6482e-171    4.3920e-14    1.5756e-83    7.4170e-14    2.0531e-95    6.1843e-84    2.9559e-247    2.0388e-144    8.1414e-103    2.2862e-87    5.3935e-135    3.2309e-214    0.0000e+00    1.5268e-90    1.2682e-56    6.7415e-167    3.3400e-05    2.3612e-19    2.0384e-34    1.3891e-240    1.2695e-02    1.4546e-25    6.0845e-12    7.3110e-31    9.7092e-15    1.2169e-94    2.6773e-14    2.5546e-27    7.7192e-44    1.9574e-42    5.4352e-16    8.3821e-279    1.2202e-39    2.9039e-34    4.8501e-40    1.8539e-123    6.9348e-94
1.3792e-09    1.0510e-19    4.8839e-49    6.6054e-33    1.5002e-47    2.3352e-39    5.3243e-14    4.9002e-55    3.9218e-164    1.1050e-24    7.9854e-142    2.7610e-29    1.0215e-119    2.5929e-124    3.5953e-308    1.6857e-216    3.7855e-180    0.0000e+00    9.9131e-213    5.8773e-216    0.0000e+00    1.4850e-154    1.8422e-84    0.0000e+00    5.4397e-12    1.9369e-46    1.0727e-84    0.0000e+00    8.4630e-08    0.0000e+00    1.7583e-26    2.1340e-41    2.1561e-34    3.0553e-139    1.1037e-04    4.9114e-53    7.6154e-97    7.5577e-15    1.8268e-41    7.3867e-186    2.3326e-85    2.8118e-81    1.7427e-68    9.7127e-231    1.0552e-162    1.3197e-06    2.0382e-30    2.1084e-47    8.3768e-27    1.8850e-53    8.4001e-33    4.3928e-25    4.4065e-55    3.6635e-277    3.6454e-35    8.1316e-137    1.6073e-31    1.1946e-155    8.4008e-137    0.0000e+00    9.4446e-222    5.1517e-168    1.1682e-151    1.7198e-221    1.1987e-310    0.0000e+00    1.6631e-154    3.3033e-105    5.9700e-266    3.8854e-09    1.2897e-45    1.6049e-69    0.0000e+00    2.2619e-09    1.5223e-08    1.1684e-32    2.0193e-63    3.3029e-39    4.1425e-160    5.7808e-16    2.3923e-54    5.1824e-82    2.3336e-27    3.1943e-37    0.0000e+00    1.0394e-77    3.8252e-68    3.2244e-78    2.2092e-198    7.1705e-157
1.7657e-16    6.2681e-10    1.0163e-06    6.1531e-09    3.3880e-07    1.5643e-15    9.6138e-05    6.8139e-11    6.1331e-93    1.9018e-02    1.2338e-70    7.3865e-09    4.3966e-57    1.1955e-50    3.7106e-236    1.7382e-152    1.7840e-131    0.0000e+00    7.7821e-142    5.4856e-130    0.0000e+00    4.5999e-108    5.9604e-30    3.3897e-253    2.7711e-05    8.0912e-16    1.8205e-31    0.0000e+00    1.8163e-10    1.7583e-26    0.0000e+00    3.0260e-11    3.0792e-07    8.1118e-102    6.2801e-16    9.0383e-31    2.2837e-72    1.1090e-60    6.3675e-25    4.2901e-129    2.4536e-35    9.3889e-45    8.1763e-25    3.2374e-173    2.0431e-104    8.4429e-17    6.3262e-17    5.4190e-08    3.6033e-15    2.3659e-11    1.0631e-08    4.3947e-22    2.9765e-14    2.9514e-206    6.3131e-07    4.5079e-63    3.1438e-16    3.3481e-90    9.7868e-55    2.3559e-301    2.0956e-155    1.0191e-122    1.0144e-113    1.4233e-167    7.2705e-175    0.0000e+00    1.2094e-114    6.3292e-56    1.1391e-196    3.4424e-09    6.9918e-17    5.7494e-37    4.2978e-302    7.6813e-13    5.4320e-52    6.1363e-10    1.6381e-27    8.9874e-12    9.7930e-106    2.0478e-33    3.5490e-39    4.7035e-61    6.8364e-81    4.6771e-20    0.0000e+00    1.0162e-30    2.5544e-31    1.1287e-34    2.0451e-146    2.0199e-104
